0.000000000000000000e+00
0.000000000000000000e+00
0.000000000000000000e+00
0.000000000000000000e+00
2.255619543150944679e-04
2.255619543150944679e-04
2.343583516785227778e-04
2.343583516785227778e-04
6.021304520882121182e-04
9.482971206649009948e-04
1.085740836150022237e-03
1.181595183790291274e-03
1.105654585404577429e-03
1.056100705054145847e-03
1.690585740361012388e-03
1.979998947738287763e-03
1.830273817077262720e-03
6.821471050253553603e-01
7.994206141644379926e-01
7.992712424260831616e-01
4.895079830006268118e+00
4.634998701425272039e+00
4.782628183805404554e+00
5.432951857685640817e+00
7.616298310146622619e+00
9.331632001058478565e+00
1.032662602319872214e+01
1.097385655014315731e+01
5.197968005908704114e+00
3.227638684631692456e+00
2.060145920614945503e+00
9.029549630730879795e-01
7.541064751542123634e-01
1.147491550409212691e+00
1.645322206969913381e+00
1.705679887800984007e+00
1.483594326414248155e+00
1.423375145262081531e+00
1.132847868387872881e+00
9.524543076338423120e-01
8.241567219309416936e-01
3.254732759927352337e-01
5.945584196037159014e-02
5.089382602455302246e-02
7.941330447816337401e-02
1.169637020608315786e-01
8.249278161584436275e-02
1.771680192148877009e-01
1.473484673385365151e-01
1.508428473724275909e-01
3.303088466323974015e-01
2.236323657926683472e-01
2.436359966334013250e-01
3.971683991520512658e-01
3.879623280915766026e-01
6.901292238336392826e-01
6.723173135536730793e-01
5.395637195575962997e-01
4.716342648665584614e-01
4.266516939158524480e-01
5.685988326368297541e-01
5.313751599823290928e-01
4.472230378576333432e-01
2.608796685408530380e-01
2.635184012592018954e-01
2.791290257337358804e-01
2.911558471654168700e-01
2.408144643991581013e-01
9.376202003441294619e-02
8.356902095755427973e-02
6.453651525536656386e-02
1.216159483821444010e-01
1.567912199415351648e-01
2.030009784349530444e-01
2.211680811950273995e-01
1.962590927875402513e-01
2.101838435870656829e-01
1.699398721918201072e-01
1.881747927092287109e-01
1.425284171717461079e-01
1.928267001014578874e-01
1.998204706154024513e-01
2.745684136008618159e-01
5.790709229237669398e-01
5.926393854744953504e-01
5.799764346241842450e-01
4.686360999245563486e-01
1.679781472798713149e-01
6.331498981062330667e-02
3.790852406210074022e-02
3.203520686144935986e-02
2.916553762728571475e-02
2.156792962036182745e-02
1.761326321622835173e-02
1.250428174031006923e-02
4.505752406128534469e-03
9.721467064210509001e-04
0.000000000000000000e+00
0.000000000000000000e+00
0.000000000000000000e+00
