6.727430555555555507e-05
1.019965277777777840e-04
1.562500000000000033e-04
2.886284722222222376e-04
4.166666666666666934e-04
5.273437500000000347e-04
8.224826388888888725e-04
1.230468750000000009e-03
1.510416666666666635e-03
1.805555555555555473e-03
2.426215277777777572e-03
3.491753472222222047e-03
5.538194444444444545e-03
8.365885416666666435e-03
1.116536458333333356e-02
1.376302083333333370e-02
1.658420138888888964e-02
2.015190972222222210e-02
2.314453124999999931e-02
2.488932291666666810e-02
2.537977430555555386e-02
2.412977430555555622e-02
2.257595486111111174e-02
2.132812499999999986e-02
1.975911458333333426e-02
1.750217013888888742e-02
1.528211805555555573e-02
1.238715277777777818e-02
1.023654513888888964e-02
9.199218749999999931e-03
8.769531250000000416e-03
9.535590277777778248e-03
9.485677083333332940e-03
8.465711805555555317e-03
6.890190972222222029e-03
5.536024305555555317e-03
5.175781249999999827e-03
5.353732638888888777e-03
6.347656250000000000e-03
7.341579861111111223e-03
8.205295138888889575e-03
9.318576388888888395e-03
9.383680555555554831e-03
8.969184027777778179e-03
8.051215277777776930e-03
8.070746527777778248e-03
8.448350694444444961e-03
9.735243055555556010e-03
1.157118055555555504e-02
1.226996527777777721e-02
1.331380208333333287e-02
1.549696180555555636e-02
1.975260416666666657e-02
2.427517361111111022e-02
2.533637152777777624e-02
2.137586805555555594e-02
1.443576388888888860e-02
6.740451388888888708e-03
2.647569444444444579e-03
2.044270833333333270e-03
3.098958333333333339e-03
4.765624999999999896e-03
5.468749999999999653e-03
5.611979166666667025e-03
4.427083333333333218e-03
3.242187499999999844e-03
3.307291666666666713e-03
4.335937500000000382e-03
5.729166666666666262e-03
8.719618055555555108e-03
1.409722222222222279e-02
2.134331597222222099e-02
2.896918402777777860e-02
3.395182291666666574e-02
3.109809027777777832e-02
2.419053819444444420e-02
1.537977430555555539e-02
7.506510416666666539e-03
6.067708333333332940e-03
5.716145833333333495e-03
6.158854166666666644e-03
7.335069444444444406e-03
7.630208333333333461e-03
8.828124999999999167e-03
1.265625000000000083e-02
1.519531250000000049e-02
1.790364583333333218e-02
1.861979166666666644e-02
1.563802083333333190e-02
1.248697916666666706e-02
7.565104166666667025e-03
3.828124999999999931e-03
1.692708333333333391e-03
4.166666666666666934e-04
3.906250000000000081e-05
0.000000000000000000e+00
0.000000000000000000e+00
0.000000000000000000e+00
0.000000000000000000e+00
0.000000000000000000e+00
