2.005493273150666675e+25
1.754776237354317717e+25
3.436739706379080367e+25
6.920230342533951401e+25
5.775018405219998720e+25
8.748592860642754969e+25
1.364137032568850590e+26
3.228263674906703878e+26
4.974186791882877411e+26
6.610604216947508726e+26
1.036394131667799937e+27
1.640890762023496599e+27
2.857685621019980070e+27
4.485763510292518696e+27
5.517979622266623556e+27
5.694190311475574519e+27
5.302597399807026182e+27
5.094859001333471881e+27
4.717727226980676392e+27
3.855276227500713760e+27
2.929883199262392999e+27
2.667531774460228401e+27
2.615107764651453273e+27
2.464442424301137418e+27
2.115655300313662055e+27
1.602516350418342746e+27
1.181289531734010305e+27
7.395994095995307306e+26
7.360379057470687984e+26
8.650367907405130804e+26
1.182755015607661715e+27
1.635081446938844373e+27
1.664465365773438099e+27
1.671857717509244136e+27
1.384280127012316755e+27
1.316536908634497033e+27
1.469042513840991646e+27
1.547290854814942683e+27
1.621549942729561885e+27
1.355143079150052846e+27
9.629492839293185522e+26
8.709577858926299651e+26
1.061454509675196515e+27
1.001311510513412748e+27
8.861735983387227862e+26
7.823720984221546746e+26
5.629338385039585873e+26
5.678503748189717027e+26
5.895990896779409488e+26
3.992962379644934840e+26
2.840240278973672133e+26
2.972651395702843182e+26
3.028340319972220146e+26
2.549983524279986888e+26
1.732225584465953908e+26
9.696166305498243786e+25
2.753692781476513909e+25
3.136739453261421490e+24
7.085974442970257283e+23
2.488146321075556613e+23
5.408987737312376830e+23
1.653173498878613275e+24
2.561086325295385131e+24
2.766020969683505191e+24
1.725948733214475520e+24
8.335996573166489630e+23
7.756307771061583552e+23
9.519986009832701255e+23
1.902399540736957864e+24
5.820549246569755099e+24
2.241414354840996714e+25
5.740298855541191447e+25
9.336346665382314263e+25
1.190469910996037240e+26
9.289705495226530449e+25
5.301761887437556585e+25
2.474367015497048032e+25
8.475329786994268221e+24
4.776906991577280694e+24
2.779897541890224050e+24
3.152839426986993735e+24
3.709866499528785580e+24
4.108115584410065656e+24
5.108730545995158179e+24
1.189960289776696218e+25
2.049579612274116081e+25
3.123332699342069450e+25
3.634628011704701734e+25
2.429255799130363661e+25
1.233873418856389515e+25
2.962315093809100243e+24
3.222763061900752150e+23
2.969581969566493940e+22
2.799529569154822308e+20
3.160243137430153000e+15
0.000000000000000000e+00
0.000000000000000000e+00
0.000000000000000000e+00
0.000000000000000000e+00
0.000000000000000000e+00
