0.000000000000000000e+00
2.655271633326126714e+22
6.638179083315316366e+22
4.646725358320721120e+22
1.427208502912792952e+23
1.211467682705045203e+23
1.659544770828829091e+23
4.879061626236757596e+23
4.298220956446667582e+23
4.945443417069910491e+23
1.063768198101279491e+24
1.221424951330018104e+24
2.406339917701802082e+24
3.473427205344739319e+24
3.639381682427622295e+24
4.656682626945694424e+24
5.873128943963225910e+24
8.332574294331550845e+24
8.257894779644253720e+24
6.243207427858054861e+24
5.361989154547947073e+24
4.679916253737298105e+24
3.936440196405982457e+24
4.143883292759586178e+24
1.188234055913441589e+24
4.414389090404685316e+23
4.049289240822342715e+23
5.343734162068829876e+23
7.965814899978379639e+23
6.206697442899820198e+23
8.065387586228109317e+23
7.235615200813694436e+23
1.194872234996756946e+24
1.221424951330018104e+24
1.261254025829909975e+24
1.400655786579531793e+24
2.170684560244108331e+24
1.948305560953045293e+24
2.603825745430432566e+24
3.805336159510505271e+24
4.255072792405117965e+24
2.170684560244108331e+24
1.261254025829909975e+24
1.165000429121838042e+24
3.080115094658306686e+24
3.669253488302540930e+24
3.712401652344090547e+24
3.289217735782739279e+24
2.847778826742270949e+24
2.681824349659387973e+24
2.432892634035063508e+24
2.273576336035495755e+24
9.583871051536487584e+24
1.502053972077173178e+25
1.553333905495784056e+25
1.620379514237268796e+25
9.373108865641226118e+24
3.757209361156469036e+24
2.177322739327423822e+24
2.107621858952612980e+23
0.000000000000000000e+00
0.000000000000000000e+00
0.000000000000000000e+00
0.000000000000000000e+00
0.000000000000000000e+00
0.000000000000000000e+00
0.000000000000000000e+00
0.000000000000000000e+00
0.000000000000000000e+00
0.000000000000000000e+00
0.000000000000000000e+00
0.000000000000000000e+00
0.000000000000000000e+00
0.000000000000000000e+00
0.000000000000000000e+00
0.000000000000000000e+00
0.000000000000000000e+00
0.000000000000000000e+00
0.000000000000000000e+00
0.000000000000000000e+00
0.000000000000000000e+00
0.000000000000000000e+00
0.000000000000000000e+00
0.000000000000000000e+00
0.000000000000000000e+00
0.000000000000000000e+00
0.000000000000000000e+00
0.000000000000000000e+00
0.000000000000000000e+00
0.000000000000000000e+00
0.000000000000000000e+00
0.000000000000000000e+00
0.000000000000000000e+00
0.000000000000000000e+00
0.000000000000000000e+00
0.000000000000000000e+00
0.000000000000000000e+00
0.000000000000000000e+00
0.000000000000000000e+00
0.000000000000000000e+00
