4.371179976747659168e+01
5.395944440108688411e+01
6.927592468760659017e+01
1.019778688600265326e+02
1.051660287205427977e+02
2.281241548210719259e+02
3.552546775177561926e+02
4.404622550284976796e+02
6.105254204754583043e+02
7.951754241346452545e+02
9.800757360310234390e+02
1.167429224664738967e+03
1.333071161609985893e+03
1.466917644132916621e+03
1.601730751435339243e+03
1.785209741988523547e+03
1.911562045851811490e+03
2.060016608791136605e+03
2.270493624120794266e+03
2.398511306175820664e+03
2.429201651326955925e+03
2.227303728194848645e+03
1.909570925727014355e+03
1.545310295737061097e+03
1.374648990361150254e+03
1.306080237340031317e+03
1.202539500942913037e+03
1.266887421561459632e+03
1.298356678882446204e+03
1.362817602221279458e+03
1.660618939451032020e+03
1.660011485007043120e+03
1.784388955594537720e+03
1.997440566339959560e+03
1.934760880713159850e+03
2.267224212742606142e+03
2.115107063805930920e+03
2.039208333271848232e+03
2.078627445310984513e+03
1.846110539083417052e+03
1.774959755444147959e+03
1.441067094384502980e+03
1.050552325594109789e+03
8.855818864530547216e+02
9.664398210169214281e+02
1.197509690220180346e+03
1.549811556378236219e+03
1.724871085096205661e+03
1.757171908835758359e+03
1.611514695358509016e+03
1.365366530739026757e+03
1.133336491989980914e+03
9.453211198110583382e+02
8.884444979622865048e+02
8.102411394769503659e+02
7.309458438543992997e+02
5.501216904457505734e+02
3.316596705698227652e+02
1.683194340181734105e+02
5.336973390128132166e+01
7.485300194189941081e+00
0.000000000000000000e+00
0.000000000000000000e+00
0.000000000000000000e+00
0.000000000000000000e+00
0.000000000000000000e+00
0.000000000000000000e+00
0.000000000000000000e+00
0.000000000000000000e+00
0.000000000000000000e+00
0.000000000000000000e+00
0.000000000000000000e+00
0.000000000000000000e+00
0.000000000000000000e+00
0.000000000000000000e+00
0.000000000000000000e+00
0.000000000000000000e+00
0.000000000000000000e+00
0.000000000000000000e+00
0.000000000000000000e+00
0.000000000000000000e+00
0.000000000000000000e+00
0.000000000000000000e+00
0.000000000000000000e+00
0.000000000000000000e+00
0.000000000000000000e+00
0.000000000000000000e+00
0.000000000000000000e+00
0.000000000000000000e+00
0.000000000000000000e+00
0.000000000000000000e+00
0.000000000000000000e+00
0.000000000000000000e+00
0.000000000000000000e+00
0.000000000000000000e+00
0.000000000000000000e+00
0.000000000000000000e+00
0.000000000000000000e+00
0.000000000000000000e+00
0.000000000000000000e+00
