2.862255261913243771e+02
2.995185108295552254e+02
3.089251049046898743e+02
3.207482593843417931e+02
4.666480314367704096e+01
5.706743220656584725e+01
6.659716959258705060e+01
6.734797709911822494e+01
7.414034056686109864e+01
7.325878766648679630e+01
7.356603920268817376e+01
7.632640898482276270e+01
7.370202573412838376e+01
6.750550678618914446e+01
6.306096956324388714e+01
6.160290306466257704e+01
5.810051977743369633e+01
5.495741961328454295e+01
5.371156406715759601e+01
5.111612609459589862e+01
4.721506750896213589e+01
3.974423780017906438e+01
3.105859513430423391e+01
2.296963068087966420e+01
1.832993072582200966e+01
1.586069254680884377e+01
1.351380328100230166e+01
1.325970077076848774e+01
1.241657937893962860e+01
1.204026739850293737e+01
1.360183278602768198e+01
1.287387480297897824e+01
1.291716669563046160e+01
1.349149146272276134e+01
1.223514601398815493e+01
1.358044224235855602e+01
1.203722456249505157e+01
1.088879862839268675e+01
1.049046744695338695e+01
8.755515895610372468e+00
8.084347169606369121e+00
6.277995206953123741e+00
4.354714586902330709e+00
3.426135562340331564e+00
3.466522352257806805e+00
4.070085517296138988e+00
5.066465453456858725e+00
5.426812718327732377e+00
5.297505972100571725e+00
4.673369614156566598e+00
3.792791051853049655e+00
3.016498182229988778e+00
2.384957383789983787e+00
2.136923473108565563e+00
1.869557924396234805e+00
1.632599488867430670e+00
1.191655137864141123e+00
6.970773629504076752e-01
3.443751039017091675e-01
1.057111412497415415e-01
1.442381226009999823e-02
0.000000000000000000e+00
0.000000000000000000e+00
0.000000000000000000e+00
0.000000000000000000e+00
0.000000000000000000e+00
0.000000000000000000e+00
0.000000000000000000e+00
0.000000000000000000e+00
0.000000000000000000e+00
0.000000000000000000e+00
0.000000000000000000e+00
0.000000000000000000e+00
0.000000000000000000e+00
0.000000000000000000e+00
0.000000000000000000e+00
0.000000000000000000e+00
0.000000000000000000e+00
0.000000000000000000e+00
0.000000000000000000e+00
0.000000000000000000e+00
0.000000000000000000e+00
0.000000000000000000e+00
0.000000000000000000e+00
0.000000000000000000e+00
0.000000000000000000e+00
0.000000000000000000e+00
0.000000000000000000e+00
0.000000000000000000e+00
0.000000000000000000e+00
0.000000000000000000e+00
0.000000000000000000e+00
0.000000000000000000e+00
0.000000000000000000e+00
0.000000000000000000e+00
0.000000000000000000e+00
0.000000000000000000e+00
0.000000000000000000e+00
0.000000000000000000e+00
0.000000000000000000e+00
