0.000000000000000000e+00
1.659544770828829091e+22
2.987180587491892448e+22
4.646725358320721120e+22
7.301996991646847835e+22
9.293450716641442241e+22
1.277849473538198434e+23
1.808903800203423609e+23
4.348007299571532421e+23
3.302494093949370127e+23
3.285898646241081400e+23
6.356056472274414716e+23
9.193878030391713234e+23
1.541717092099982216e+24
2.494295790555730188e+24
2.573953939555513931e+24
2.945691968221171755e+24
3.767166629781442272e+24
4.993570215423946994e+24
5.288969184631477747e+24
4.147202382301243923e+24
4.354645478654847643e+24
4.037672427426541008e+24
3.478405839657225937e+24
3.574659436365297870e+24
2.972244684554432644e+24
3.196283228616324555e+24
2.507572148722360633e+24
1.983156001140450815e+24
2.091026411244324588e+24
2.192258642264883139e+24
1.613077517245621863e+24
1.579886621829045215e+24
1.935029202786414580e+24
2.105962314181784174e+24
1.083682735351225427e+24
1.002365041580612811e+24
1.043853660851333556e+24
1.176617242517639883e+24
1.644608867891369640e+24
1.926731478932270485e+24
1.679459308078775161e+24
1.619715696328937086e+24
1.540057547329153343e+24
1.407293965662847016e+24
1.817201524057567838e+24
1.702692934870378574e+24
1.735883830286955223e+24
1.905157396911495676e+24
2.341617671639477925e+24
2.306767231452072404e+24
2.464423984680811016e+24
3.335684989365946642e+24
5.498071825755910340e+24
6.507075046419839180e+24
4.893997529174216779e+24
2.826204744721496141e+24
1.272870839225711816e+24
7.368378782480001569e+23
2.987180587491892365e+23
3.086753273741622043e+23
5.277352371235676309e+23
5.177779684985946631e+23
7.268806096230271890e+23
8.463678331227028031e+23
6.073933861233514408e+23
2.887607901242162686e+23
1.194872234996756946e+24
1.314359458496432560e+24
8.762396389976217066e+23
2.406339917701802082e+24
3.929802017322667503e+24
5.907979384150631163e+24
6.374311464753532584e+24
6.400864181086793473e+24
5.378584602256234726e+24
1.784010628640991189e+24
8.662823703726487388e+23
3.584616704990271106e+23
7.965814899978379639e+23
1.194872234996756946e+24
7.866242213728649960e+23
1.394017607496216303e+24
1.241339488579964040e+24
2.164046381160793108e+24
3.495001287365514127e+24
3.929802017322667503e+24
3.448534033782306765e+24
4.241796434238486983e+24
2.568975305243027313e+24
1.264573115371567721e+24
1.105256817372000101e+24
4.580343567487568561e+23
2.987180587491892448e+22
0.000000000000000000e+00
0.000000000000000000e+00
0.000000000000000000e+00
0.000000000000000000e+00
0.000000000000000000e+00
0.000000000000000000e+00
