4.792862793255344656e+01
5.287441909729498946e+01
9.513457550956040620e+01
1.205602572030466462e+02
1.333149525715288348e+02
1.770322520793069998e+02
1.999064839204642112e+02
3.204673767232554269e+02
3.944119439207977393e+02
4.353508488582259019e+02
5.119881023695837712e+02
5.708901399446805272e+02
6.597280039104426805e+02
6.955332421440806456e+02
6.760781700775983154e+02
5.676933206361404700e+02
4.218326026923297718e+02
3.344463912153755700e+02
2.451127977212406108e+02
1.889079306124107802e+02
1.475663623863549390e+02
1.434108493906823014e+02
1.366467511903478567e+02
1.318290127842139157e+02
1.206940305550164680e+02
1.114438495721794311e+02
1.146375698994266941e+02
1.220526226811503676e+02
1.499043715425606820e+02
1.926223362620013688e+02
2.526915942138251125e+02
2.786928022736819912e+02
2.903949909211465865e+02
3.065450256883406723e+02
3.343444000258724031e+02
4.034600808207853220e+02
4.661311018584975159e+02
4.985845575764355431e+02
4.505490719282013856e+02
3.458457064256381273e+02
2.557463146408761361e+02
1.714819175686464803e+02
1.223305561151478855e+02
9.934845718990503372e+01
7.779123771642423435e+01
5.993550978678761965e+01
5.716336738745383172e+01
6.070035072109882179e+01
5.538032709819744781e+01
5.584676807421226385e+01
4.844433406689605448e+01
4.139829004562554360e+01
3.607695914164079909e+01
2.426997266219969873e+01
1.555573987185085194e+01
9.484438290941293204e+00
5.331220491817314944e+00
3.174088749545600052e+00
2.044293317347989358e+00
1.605513299155536533e+00
7.467009539590447886e-01
5.102756447735947720e-01
5.114611833369517857e-01
5.119532080950477404e-01
5.003026220807358371e-01
5.701434082816800863e-01
1.297878802285189925e+00
1.075826500524480034e+00
1.103349093735202624e+00
1.382974127238308482e+00
1.438290048818736899e+00
2.242696620871801105e+00
3.247765754186444642e+00
3.722486865508638054e+00
3.641384706159122242e+00
2.872722446283849873e+00
1.860700538603111243e+00
1.063027479546563070e+00
7.881954503049976024e-01
1.005426944385585220e+00
1.591031095679224849e+00
1.843928869516699098e+00
1.748780233165575293e+00
2.560429377867444511e+00
2.892235872601327973e+00
4.432853811869212457e+00
5.728544413832648452e+00
6.499232751282615794e+00
6.229385106024897922e+00
4.637951704417899279e+00
2.998355577065225930e+00
1.076614718804834725e+00
3.766838027893795182e-01
6.553158337840148118e-02
5.041900589578041970e-04
0.000000000000000000e+00
0.000000000000000000e+00
0.000000000000000000e+00
0.000000000000000000e+00
0.000000000000000000e+00
