4.621265462565156668e+02
4.735502247589600415e+02
5.237168151028459988e+02
5.423330964473410631e+02
1.092594008673997763e+02
1.143764045725755096e+02
8.218551333285142846e+01
9.460142721600806226e+01
8.805329334617503889e+01
8.370997264621712475e+01
8.185785998231024507e+01
7.065152698112571272e+01
6.647861705307093416e+01
6.328803477332459693e+01
5.482165728143692718e+01
4.032314326899749801e+01
2.582061449267088804e+01
1.847235593377073926e+01
1.210511829285197472e+01
8.205748772922753176e+00
5.540051184713402854e+00
4.869934643791148154e+00
4.280090067561263645e+00
3.722355663537052717e+00
3.126226203496178968e+00
2.650558585566055392e+00
2.514013648359983311e+00
2.409352554563715554e+00
2.728108235304845142e+00
3.262218685624150627e+00
3.994893651178245797e+00
4.165538274268439700e+00
4.108327164990922320e+00
4.058082011377377007e+00
4.075702417463178406e+00
4.607938128314780890e+00
5.051777421327669160e+00
5.156492282374895986e+00
4.463985444448289819e+00
3.278619819556759740e+00
2.304908307752627561e+00
1.445500069543676158e+00
9.706482073206194050e-01
7.588293468665976427e-01
5.626779603820039055e-01
4.075309805041951727e-01
3.642345577551083236e-01
3.720422895944230923e-01
3.254956526401360239e-01
3.130231546841177326e-01
2.590569857110137653e-01
2.125598293171444275e-01
1.792283911694913245e-01
1.157518909278396207e-01
7.155494092628382485e-02
4.197728583251004314e-02
2.237046750873713033e-02
1.274510867240087955e-02
7.955591354352314556e-03
6.000000508784120862e-03
2.655238714902612238e-03
1.728825916906146518e-03
1.693278794814447215e-03
1.545245874531741507e-03
1.492810541939936517e-03
1.644013485076795079e-03
3.511051202818058197e-03
2.823569345881001089e-03
2.877779058967546572e-03
3.477463073760685142e-03
3.322495799931505112e-03
5.060601483612702477e-03
7.168100787344569916e-03
8.011823002242077565e-03
7.613392758371633796e-03
5.889931176061763418e-03
3.735453249079182317e-03
2.073218820996169855e-03
1.396391844472621904e-03
1.726622286654276193e-03
2.659611232357654044e-03
3.032234637496678247e-03
2.777815421823883000e-03
3.899923811737294587e-03
4.247601616433187635e-03
6.294741276506234107e-03
7.948477259097887909e-03
8.747283679170710785e-03
8.246349979691681986e-03
6.011864886535638747e-03
3.818779580557434168e-03
1.332714059075468726e-03
4.558201727484259796e-04
7.748745851686991086e-05
5.834351479437730170e-07
0.000000000000000000e+00
0.000000000000000000e+00
0.000000000000000000e+00
0.000000000000000000e+00
0.000000000000000000e+00
