6.727430555555555507e-05
1.019965277777777840e-04
1.562500000000000033e-04
2.886284722222222376e-04
4.166666666666666934e-04
5.316840277777777320e-04
8.376736111111110841e-04
1.221788194444444397e-03
1.506076388888888829e-03
1.792534722222222272e-03
2.482638888888888829e-03
3.509114583333333270e-03
5.722656250000000312e-03
8.697916666666666297e-03
1.116536458333333356e-02
1.369574652777777804e-02
1.643012152777777873e-02
2.008897569444444489e-02
2.301215277777777721e-02
2.441840277777777846e-02
2.491536458333333190e-02
2.365234374999999889e-02
2.236111111111110938e-02
2.103515624999999917e-02
1.901692708333333273e-02
1.674045138888888978e-02
1.419053819444444399e-02
1.265407986111111160e-02
1.114800347222222147e-02
9.891493055555556149e-03
9.483506944444443712e-03
9.108072916666666227e-03
9.689670138888889159e-03
9.077690972222222238e-03
8.116319444444445100e-03
7.187500000000000312e-03
5.779079861111110702e-03
5.460069444444444475e-03
6.132812500000000243e-03
7.248263888888889159e-03
8.181423611111111535e-03
8.682725694444445169e-03
8.804253472222222862e-03
8.168402777777777901e-03
7.849392361111111674e-03
8.537326388888889436e-03
8.951822916666666088e-03
1.010633680555555504e-02
1.153211805555555587e-02
1.185546875000000056e-02
1.245876736111111056e-02
1.467664930555555476e-02
1.862847222222222335e-02
2.280381944444444600e-02
2.560546874999999889e-02
2.289930555555555469e-02
1.701822916666666588e-02
1.094184027777777776e-02
6.336805555555555594e-03
4.984809027777778109e-03
3.893229166666666800e-03
3.893229166666666800e-03
3.554687500000000121e-03
3.190104166666666609e-03
3.476562500000000052e-03
2.877604166666666765e-03
2.864583333333333131e-03
3.294270833333333513e-03
5.258246527777777485e-03
9.950086805555554900e-03
1.541232638888888860e-02
2.120008680555555622e-02
2.689887152777777762e-02
2.705512152777777776e-02
2.654947916666666741e-02
2.205512152777777679e-02
1.521267361111111084e-02
1.104166666666666664e-02
7.009548611111111362e-03
6.197916666666666678e-03
6.028645833333332905e-03
7.317708333333333183e-03
7.812500000000000000e-03
1.106770833333333391e-02
1.378906249999999924e-02
1.570312499999999833e-02
1.794270833333333481e-02
1.656250000000000083e-02
1.499999999999999944e-02
1.209635416666666671e-02
8.450520833333334189e-03
5.117187500000000208e-03
2.460937500000000017e-03
1.106770833333333304e-03
1.953125000000000108e-04
0.000000000000000000e+00
0.000000000000000000e+00
0.000000000000000000e+00
0.000000000000000000e+00
0.000000000000000000e+00
