2.226133492355179660e-07
1.945290874149037424e-07
3.818822658984144817e-07
7.693691257284738669e-07
6.381874720703159775e-07
9.472655016110668495e-07
1.451920537180196608e-06
3.444746964764908369e-06
5.238592019863011454e-06
7.004121552665201899e-06
1.176094680434688993e-05
1.854861600829686832e-05
3.467206394135569200e-05
5.594314226197078833e-05
6.837605179712176473e-05
7.255043910828068974e-05
6.641768767533872222e-05
6.564136214077083897e-05
5.769436058960904836e-05
4.590027067175558894e-05
3.719250613596710749e-05
3.173426781002359272e-05
3.071061472089810180e-05
2.650683780630157526e-05
2.196417443585415674e-05
1.822611837485305262e-05
1.360564252243717795e-05
1.140246630690920691e-05
1.216142364488015696e-05
1.380483822599831008e-05
1.827198826556914666e-05
1.978824511758986166e-05
2.120334355643737473e-05
2.061124776638324595e-05
1.856372071502801699e-05
2.141191781498106189e-05
2.141091122607271960e-05
2.273371342817141885e-05
2.519163549679414457e-05
2.381658316096313307e-05
2.117075587293015381e-05
1.544854040855194490e-05
1.188184909650967635e-05
9.325895362841422889e-06
6.432852524550801814e-06
6.229412980298455544e-06
5.060831252663869878e-06
5.375766344150702561e-06
6.346657518563539488e-06
5.577530520018183392e-06
5.338957247762296265e-06
5.662716072251971839e-06
5.159811502461002480e-06
4.694280458089420572e-06
3.861141748283593835e-06
2.367968445582414579e-06
1.226933418477507571e-06
5.311666739302064071e-07
2.037410366672773053e-07
1.133053534632744444e-07
6.509219688881641525e-08
6.199169948409548602e-08
6.083995427919182617e-08
3.956559635566318082e-08
4.382933455874844234e-08
2.741206033715725280e-08
1.509921041621062505e-08
1.424028099655399770e-08
3.216994958022595631e-08
1.499550404889960988e-07
3.174896069348412724e-07
6.187769615142680866e-07
8.567834114550370695e-07
7.907505025622544663e-07
7.260993028580959712e-07
4.455860975289007510e-07
2.930576165537193469e-07
1.595185169069625980e-07
8.527865650456737721e-08
8.022520480138593564e-08
6.391909055829990353e-08
7.807932187421289150e-08
8.362359445730708408e-08
1.374374501962188678e-07
2.265102495781940449e-07
3.903311529261979950e-07
6.082601064407480711e-07
5.911739656284277749e-07
4.653623079803486641e-07
2.533016269546663178e-07
7.860874370122103640e-08
1.460815443986558624e-08
1.860319996570321248e-09
9.848143871449114342e-11
1.420383314283188795e-13
0.000000000000000000e+00
0.000000000000000000e+00
0.000000000000000000e+00
0.000000000000000000e+00
0.000000000000000000e+00
