8.029513888888889094e-05
1.236979166666666771e-04
1.779513888888888964e-04
2.973090277777777949e-04
4.036458333333333304e-04
5.273437500000000347e-04
8.441840277777777927e-04
1.236979166666666609e-03
1.519097222222222246e-03
1.855468749999999913e-03
2.634548611111110945e-03
3.710937499999999827e-03
6.391059027777777624e-03
9.142795138888888673e-03
1.175998263888888840e-02
1.487847222222222175e-02
1.786675347222222224e-02
2.116536458333333204e-02
2.255208333333333370e-02
2.241753472222222238e-02
2.155598958333333412e-02
1.886067708333333259e-02
1.746310763888888826e-02
1.658203125000000042e-02
1.489366319444444461e-02
1.451388888888888867e-02
1.405815972222222189e-02
1.342013888888888944e-02
1.327907986111111042e-02
1.332248263888888805e-02
1.263454861111111029e-02
1.139105902777777860e-02
1.073350694444444482e-02
1.012152777777777790e-02
9.144965277777777901e-03
8.715277777777778387e-03
7.376302083333333669e-03
5.902777777777777624e-03
6.360677083333333634e-03
6.948784722222222515e-03
7.710503472222221891e-03
8.350694444444445308e-03
8.561197916666667476e-03
9.001736111111111396e-03
8.867187500000000069e-03
9.392361111111111743e-03
1.035373263888888888e-02
1.078776041666666685e-02
1.140624999999999972e-02
1.181206597222222293e-02
1.172960069444444441e-02
1.601128472222222363e-02
2.283854166666666671e-02
3.001085069444444503e-02
3.314453124999999778e-02
2.997178819444444586e-02
2.212022569444444323e-02
1.413628472222222196e-02
9.392361111111111743e-03
6.182725694444444683e-03
5.872395833333333634e-03
4.492187499999999653e-03
3.556857638888888916e-03
3.697916666666666626e-03
3.632812500000000191e-03
3.033854166666666470e-03
4.112413194444444579e-03
4.192708333333333010e-03
3.216145833333333443e-03
5.794270833333333565e-03
8.125000000000000278e-03
1.224392361111111167e-02
1.571180555555555525e-02
1.524739583333333329e-02
1.250000000000000069e-02
9.253472222222221960e-03
7.348090277777778040e-03
5.585937499999999757e-03
6.471354166666666921e-03
6.757812499999999931e-03
6.757812499999999931e-03
8.346354166666666852e-03
8.763020833333332732e-03
1.092447916666666741e-02
1.507812499999999951e-02
1.886718750000000028e-02
2.235677083333333440e-02
2.371093750000000111e-02
2.143229166666666546e-02
1.726562499999999972e-02
1.251302083333333259e-02
7.513020833333333356e-03
3.828124999999999931e-03
2.031250000000000069e-03
6.770833333333333565e-04
3.906250000000000081e-05
0.000000000000000000e+00
0.000000000000000000e+00
0.000000000000000000e+00
0.000000000000000000e+00
