2.736349566975343591e-07
2.604466317016851517e-07
4.506197816342536593e-07
7.994799514286121614e-07
4.968595277100915375e-07
7.940064628006296018e-07
1.107169173537598310e-06
2.910223679886329903e-06
4.659516455554050287e-06
6.176654626263323937e-06
1.166537764661324821e-05
1.748259604626340138e-05
3.270595878905739774e-05
4.829798496117718984e-05
5.461204903257550373e-05
5.892717772677607912e-05
5.062367517387566347e-05
4.628454901353883349e-05
3.637713608247651918e-05
2.250584841288196672e-05
1.974926492331291502e-05
1.905721662297006088e-05
2.019259051617647711e-05
2.190106662325307649e-05
2.110953676739460484e-05
2.002569918834584735e-05
1.795639458528605476e-05
1.706328980330027670e-05
1.842786693162263846e-05
2.117339553872557109e-05
2.220685815815337817e-05
2.656157004943528009e-05
2.570328724121872998e-05
2.269495695809898883e-05
2.070101848002551073e-05
2.043351893091736375e-05
2.056502122905748333e-05
2.194901912786372444e-05
2.468990923882689260e-05
2.209682410255199052e-05
2.023843842816075512e-05
1.448206809343421788e-05
1.207014219145809248e-05
1.244915472482999302e-05
1.003921863136471278e-05
1.010868638254302883e-05
1.127053293171921573e-05
1.149929035950421460e-05
1.249817555072592129e-05
1.078100142758164226e-05
8.110118189065354825e-06
8.292388560035195502e-06
8.335163151103142456e-06
8.361092251784340049e-06
6.834950195385350500e-06
5.083179777957418815e-06
3.083822605163815499e-06
1.584424067901157696e-06
8.774250910302443929e-07
3.634879466995000256e-07
3.177844849040362437e-07
1.755491868490040911e-07
1.156976162385240195e-07
1.151203558581911159e-07
6.196229012548226895e-08
3.837227084185013906e-08
7.061268844033901602e-08
5.916833322922579105e-08
3.588238579707653579e-08
1.402685375996622540e-07
2.612175817292707695e-07
5.988451016960947555e-07
8.058586429140364181e-07
6.794222570324847325e-07
4.164309081263494585e-07
1.798483927564659108e-07
1.939926740832990637e-07
1.291535088160740866e-07
1.718507544877455550e-07
1.967910614279390325e-07
1.942182893513121710e-07
2.752818737876195472e-07
2.789142402978308421e-07
4.119969516570838377e-07
6.872130214282051956e-07
1.142999121971409352e-06
1.715487292940938184e-06
1.980268385236937457e-06
1.817934589979739079e-06
1.390570594821613834e-06
8.962632441946740802e-07
3.890000772256566352e-07
1.243199616817790774e-07
2.852401604886285215e-08
2.611356028646866586e-10
8.260068015529676214e-16
0.000000000000000000e+00
0.000000000000000000e+00
0.000000000000000000e+00
0.000000000000000000e+00
