0.000000000000000000e+00
1.991453724994594826e+22
3.650998495823423917e+22
4.978634312486487274e+22
7.633905945812613149e+22
8.961541762475677765e+22
1.244658578121621819e+23
2.174003649785766210e+23
4.165457374780361120e+23
2.804630662700721064e+23
3.568021257281982379e+23
7.318592439355136729e+23
1.013981854976414518e+24
1.921752844619784135e+24
2.572294394784685058e+24
2.660250267638613164e+24
2.743227506180054653e+24
3.924823383010180885e+24
5.755301265234379168e+24
4.016098345405766200e+24
3.652658040594252740e+24
3.566361712511153506e+24
3.191304594303838474e+24
2.608804379742919184e+24
2.685143439201045718e+24
2.663569357180270910e+24
2.678505260117730227e+24
2.729951148013423671e+24
2.580592118638829422e+24
2.578932573868000549e+24
2.705057976450991654e+24
2.466083529451639889e+24
2.117579127577586015e+24
1.642949323120540767e+24
1.813882434515910093e+24
2.240385440618919374e+24
1.636311144037225545e+24
1.238020399038306563e+24
1.267892204913225466e+24
1.757457912307730031e+24
1.523462099620865153e+24
1.407293965662847016e+24
1.460399398329369600e+24
1.224744040871675849e+24
1.349209898683838082e+24
2.014687351786198591e+24
2.114260038035928269e+24
2.421275820639261399e+24
1.905157396911495676e+24
2.283533604660468722e+24
1.774053360016018222e+24
1.890221493974036359e+24
3.977928815676703201e+24
7.643863214437586923e+24
8.309340667539947700e+24
7.670415930770847812e+24
3.690827570323315738e+24
1.798946531578450775e+24
1.204829503621729914e+24
1.115214085996973203e+24
8.696014599143064842e+23
6.538606397065586687e+23
4.381198194988108533e+23
1.065427742872108230e+24
6.472224606232433121e+23
9.359832507474596478e+23
7.467951468729731247e+23
9.359832507474596478e+23
5.576070429984866016e+23
6.472224606232433121e+23
1.314359458496432560e+24
1.981496456369621942e+24
2.230428171993946406e+24
3.455172212865622256e+24
2.180641828869081299e+24
9.359832507474596478e+23
1.194872234996756946e+24
9.957268624972974549e+23
1.145085891871892107e+24
8.563251017476757709e+23
8.762396389976217066e+23
1.085342280122054165e+24
1.443803950621081410e+24
1.453761219246054378e+24
2.917479707117081455e+24
4.809360745861946418e+24
4.699830790987244041e+24
4.430984538112973641e+24
4.610215373362487062e+24
4.729702596862162676e+24
1.971539187744648974e+24
1.085342280122054165e+24
9.957268624972974549e+23
5.576070429984866016e+23
2.987180587491892448e+22
0.000000000000000000e+00
0.000000000000000000e+00
0.000000000000000000e+00
0.000000000000000000e+00
0.000000000000000000e+00
