3.859844424473119489e+02
3.951265851897087487e+02
4.317258276054288331e+02
4.425787298976255215e+02
7.348338246621349867e+01
7.599123257867032066e+01
4.922035345488899338e+01
5.981186110338671114e+01
5.471514241640960563e+01
4.897710832588581553e+01
4.916010239428418771e+01
3.824778463536041073e+01
3.427365516771081388e+01
3.756693409397810512e+01
3.214204241209654356e+01
2.619863820810691024e+01
2.073696400379973070e+01
1.285428408764651920e+01
9.469335196835423574e+00
6.295531786307537736e+00
5.021808443408690259e+00
5.015559738778541998e+00
6.428115640067658454e+00
7.015966936591339298e+00
7.396686955926365492e+00
7.053682959868101676e+00
5.680934125214885277e+00
5.120413227711375193e+00
5.123919652558643456e+00
5.244711422135248213e+00
5.660562730034427226e+00
5.491057579810094680e+00
4.997318818722654932e+00
4.540977705575136802e+00
3.565451288957369069e+00
4.428485222628786744e+00
4.504026353978998642e+00
6.328545374116964162e+00
6.642435760861084226e+00
5.077237821831209530e+00
4.457984628211889344e+00
3.416997626254233644e+00
3.622943424707311344e+00
4.079688240594300908e+00
3.811427730787376955e+00
3.154021549514772538e+00
2.840980504161832343e+00
2.104987187667645809e+00
2.265596270016412284e+00
1.734842472180899042e+00
1.066499847259079647e+00
8.488432506703000868e-01
5.679090449997739043e-01
3.607917372067353523e-01
1.665752332190112706e-01
1.129764532397072169e-01
7.901903272036726877e-02
5.466718274215265350e-02
2.994042883217719678e-02
9.975641029072826113e-03
2.982196695402567453e-03
2.867081715566421711e-03
2.343809570143082568e-03
2.818906645444013703e-03
3.027283431792432509e-03
1.848001866625017349e-03
1.372708749314405490e-03
8.559484713456736848e-04
6.108724539404128623e-04
4.322285881627501076e-04
6.446467625246944493e-04
1.480747864673296645e-03
2.387139842820312167e-03
2.426018947653271664e-03
2.340315861435080316e-03
1.665202406163720670e-03
8.340634564222771568e-04
7.275105893628791435e-04
6.073866247815720883e-04
4.410668060976658260e-04
4.500636447713598966e-04
5.006981118972093220e-04
6.735117144917823718e-04
1.425501099983514765e-03
2.493344176392205298e-03
3.741410037364472328e-03
5.366232435210181555e-03
7.370413905690998031e-03
1.034617928064700612e-02
9.277623464912369486e-03
7.362331712653795955e-03
4.588007897745521001e-03
4.085237139131321074e-04
6.048188881348424387e-05
1.210919326029596405e-05
1.118146741468915878e-07
0.000000000000000000e+00
0.000000000000000000e+00
0.000000000000000000e+00
0.000000000000000000e+00
