5.060452072626961240e+01
5.507967346259560060e+01
9.016632615994798527e+01
1.073704698992682864e+02
9.807964170340976295e+01
1.334932848334159132e+02
1.397820462070165206e+02
2.414465253825242144e+02
2.835936655115735334e+02
2.934887844151409126e+02
3.543106257147939573e+02
3.639503974046221515e+02
3.914646430306953562e+02
4.901896596379410198e+02
4.724957825977777475e+02
4.411418423204379451e+02
3.865564628342066840e+02
2.735667985103434034e+02
2.245726533644703125e+02
1.749288462627437752e+02
1.577978924839535182e+02
1.748287343847192972e+02
2.538439232368282603e+02
3.025171176810291627e+02
3.396929526063993876e+02
3.418784451818067964e+02
3.025207156704930753e+02
3.013251592689355221e+02
3.270425072699787279e+02
3.549311886759398931e+02
4.132878993707674340e+02
4.283291751799443432e+02
4.151088579865291308e+02
3.947477602568519046e+02
3.319614857837991053e+02
4.577052676361212775e+02
4.915646722639050950e+02
7.323671559174566710e+02
7.917284962537059982e+02
6.346085307494793142e+02
5.742629989775421109e+02
4.883859874728064483e+02
5.524831809406412049e+02
6.455813146615537335e+02
6.118917608021090473e+02
5.379941064599879610e+02
5.175344706231461487e+02
4.055852686137315573e+02
4.457649215894076633e+02
3.548595360227131437e+02
2.326723418496677027e+02
1.908922650255289284e+02
1.324464257949861690e+02
8.697945113668365025e+01
4.271582693975021527e+01
3.049925522345410656e+01
2.216141047117865881e+01
1.576127303185858430e+01
8.852987839433900774e+00
3.073734581884205674e+00
9.531617201487102564e-01
1.010593069502317531e+00
8.764611385555135525e-01
1.071067556338109128e+00
1.163682550636613300e+00
7.453474744132210228e-01
5.729906895487376639e-01
3.684004212198425110e-01
2.693772103286941610e-01
2.041854513426720474e-01
3.248300570122309994e-01
7.733617121537323946e-01
1.280300712217545156e+00
1.315291984496115951e+00
1.294258188654997088e+00
9.490633733718828458e-01
4.974087000414484927e-01
4.467789184034017258e-01
3.896501557429818408e-01
2.910073914926990524e-01
3.095980465260873005e-01
3.589826732563707323e-01
5.084675498361440615e-01
1.111502478967242080e+00
2.003043591210833974e+00
3.080932141849610950e+00
4.542762647576213730e+00
6.444564899121169255e+00
9.346218628773732107e+00
8.475717567805430619e+00
6.799471164218472197e+00
4.285731363730146626e+00
3.938607521824047941e-01
6.031728288069259508e-02
1.233182082623822395e-02
1.168765582947805067e-04
0.000000000000000000e+00
0.000000000000000000e+00
0.000000000000000000e+00
0.000000000000000000e+00
