0.000000000000000000e+00
1.327635816663063357e+22
3.319089541657658183e+22
4.314816404154955805e+22
7.633905945812613149e+22
9.625359670807208395e+22
1.244658578121621819e+23
1.709331113953693931e+23
4.215243717905225959e+23
3.617807600406847218e+23
3.103348721449910099e+23
5.924574831858919890e+23
9.592168775390631947e+23
1.415591689516991111e+24
2.356553574576937243e+24
2.731610692784252544e+24
2.955649236846144454e+24
3.584616704990270569e+24
4.643406268779063979e+24
5.443306848318559688e+24
4.819318014486919655e+24
4.505664052800270765e+24
4.333071396634072835e+24
4.168776464322018731e+24
3.863420226489514205e+24
3.322408631199315660e+24
2.874331543075531839e+24
2.535784409826450932e+24
1.729245651203640001e+24
1.457080308787711855e+24
1.677799763307946289e+24
1.949965105723874166e+24
1.898519217828180454e+24
1.707671569182865192e+24
1.365805346392126272e+24
7.949219452270090912e+23
8.778991837684505793e+23
1.013981854976414518e+24
1.247977667663279530e+24
1.330954906204721019e+24
1.599801159078991150e+24
1.823839703140883061e+24
1.966560553432162356e+24
1.730905195974468605e+24
1.709331113953694065e+24
1.179936332059297494e+24
1.390698517954558826e+24
2.137493664827531950e+24
1.875285591036576773e+24
2.784716125450775397e+24
2.603825745430432566e+24
2.505912603951531760e+24
2.960627871158631072e+24
5.229225572881640477e+24
6.361035106586901602e+24
4.845870730820180544e+24
1.875285591036576773e+24
7.434760573313153793e+23
2.688462528742702994e+23
3.584616704990271106e+23
2.190599097494054266e+23
1.244658578121621785e+24
1.165000429121838042e+24
1.184914966371783978e+24
7.667096841229190604e+23
5.874788488734055051e+23
4.480770881237838211e+23
5.974361174983784729e+23
1.463718487871027346e+24
9.558977879974055835e+23
2.217151813827315693e+24
4.019417434947423945e+24
6.047381144900253249e+24
7.099532529605730632e+24
7.522716446167082436e+24
4.844211186049351672e+24
1.825499247911711933e+24
1.194872234996756946e+24
4.480770881237838211e+23
1.433846681996108442e+24
1.812222889745081489e+24
7.965814899978379639e+23
1.005684131122270423e+24
1.981496456369621942e+24
2.230428171993946406e+24
2.874331543075531839e+24
3.687508480781657993e+24
3.724018465739892656e+24
3.704103928489946720e+24
2.260299977868865310e+24
1.264573115371567721e+24
5.974361174983784729e+23
1.095299548747027133e+23
0.000000000000000000e+00
0.000000000000000000e+00
0.000000000000000000e+00
0.000000000000000000e+00
0.000000000000000000e+00
0.000000000000000000e+00
0.000000000000000000e+00
