4.924475517829756654e+01
5.427948386509347500e+01
9.837762277808627687e+01
1.242958913181980165e+02
1.396836200661940097e+02
1.905017822337241853e+02
2.169830930948263301e+02
3.432361699875012846e+02
4.308439085816605711e+02
4.789883347790697030e+02
5.588435572549635708e+02
6.147955745283115903e+02
6.750576858843731998e+02
7.014861457445510950e+02
6.465495592229724480e+02
5.412686168757248879e+02
4.183008315526021192e+02
3.307581826012431065e+02
2.666730167310212209e+02
2.026455421129002730e+02
1.510279015049612497e+02
1.446275328465819143e+02
1.515437739576852607e+02
1.511682673461656918e+02
1.400786885035959983e+02
1.197857632186070020e+02
1.011270739566117811e+02
7.811234899693249645e+01
9.406789191182643606e+01
1.230207212685388214e+02
1.764465026886364569e+02
2.243295291814415577e+02
2.295625620343170112e+02
2.583630904247162903e+02
2.628375203028325018e+02
3.111212586185866371e+02
3.713240578173576978e+02
3.781028195384250239e+02
3.342039399842910825e+02
2.414850561509710190e+02
1.535337452020184514e+02
1.222762672669272916e+02
1.479867416296031877e+02
1.460531439543626675e+02
1.439965225302938734e+02
1.268219078716914936e+02
8.717261183366406385e+01
7.631005284327538618e+01
6.666129869537302000e+01
4.257420245445663909e+01
2.790921503169334272e+01
2.509528059349843332e+01
2.005741472556841742e+01
1.374262405954235078e+01
8.944471121766738975e+00
5.934319599412767765e+00
2.495573425501474318e+00
6.088132585437794342e-01
3.501441362135958579e-01
1.592326491110919451e-01
2.283467822773963263e-01
4.538300047938865212e-01
6.126758800103575542e-01
6.448134006056422951e-01
5.100406973020266133e-01
3.363675072057085713e-01
3.068154133976094822e-01
2.872419940968267138e-01
4.344150996687919930e-01
8.732953393848124080e-01
2.080095332581973988e+00
3.518578511300910261e+00
4.216337263822429904e+00
4.587224154261001274e+00
3.908074754916528892e+00
2.867274843990684996e+00
2.104790096718373249e+00
1.477111063352532394e+00
1.029951383121539221e+00
6.362387638358928399e-01
6.697250887802606023e-01
6.616810365871348409e-01
7.043700714571422550e-01
7.570754431593562650e-01
1.230048002930370865e+00
1.764614293441738369e+00
2.282293041947003776e+00
2.553758282879749153e+00
2.032291951041887312e+00
1.292730089678983951e+00
5.122842164529292086e-01
1.101379283310398999e-01
2.295132811323206262e-02
8.790041733116348618e-04
1.058412837008829134e-07
0.000000000000000000e+00
0.000000000000000000e+00
0.000000000000000000e+00
0.000000000000000000e+00
0.000000000000000000e+00
