4.894592927412888912e+02
5.016157576337990349e+02
5.566736283953821385e+02
5.766345379198821774e+02
1.197618221438024761e+02
1.275933446681091823e+02
9.274043937089123801e+01
1.073440622127487245e+02
1.018891686910414194e+02
9.679284453590616977e+01
9.456190100535617660e+01
8.153381901279492183e+01
7.314135653369180545e+01
6.806850350534870131e+01
5.637420822718532776e+01
4.080403411225749011e+01
2.671017557102458184e+01
1.887857090344935074e+01
1.389364140103713474e+01
9.377240289998670875e+00
6.014534333542617794e+00
5.150770812464052106e+00
4.939111952584888776e+00
4.484901132574599103e+00
3.842750833541460409e+00
3.074979411142367169e+00
2.392095496970978452e+00
1.687061866605936489e+00
1.797104373620708850e+00
2.180985557856331081e+00
2.904678744548999880e+00
3.519525337839747525e+00
3.415002347982577735e+00
3.603078515033191653e+00
3.396597017198269786e+00
3.746268691131642292e+00
4.240184386267054961e+00
4.122110833603057856e+00
3.523668085053614618e+00
2.438082300894922838e+00
1.469592207228844538e+00
1.056977495896423314e+00
1.189194328864434880e+00
1.144551362368694258e+00
1.098867253810189792e+00
9.156478263698684117e-01
5.892613575212573007e-01
5.008655058106171731e-01
4.242102625562466645e-01
2.555823074617223356e-01
1.574198779441330631e-01
1.372796919400757210e-01
1.051214164529846867e-01
6.879020669392768572e-02
4.329915604544607582e-02
2.798043443922378776e-02
1.137554516475688948e-02
2.619092010938722966e-03
1.461371124872024984e-03
6.154182463678786351e-04
8.041536037176953526e-04
1.553329570009260056e-03
2.061769311271594626e-03
2.133137399606724674e-03
1.654320697400476483e-03
1.052535165354306045e-03
8.888287405976426012e-04
7.954499618003003664e-04
1.164867537701470791e-03
2.231179724894782890e-03
5.066158780089864526e-03
8.368114928351206086e-03
9.873195604087513927e-03
1.052144360383998507e-02
8.691087042896323764e-03
6.141304836669686865e-03
4.406585308037272095e-03
2.983268604963729576e-03
1.994736897003608535e-03
1.183168030335648990e-03
1.216467252656039041e-03
1.145868556526305915e-03
1.164596970579956413e-03
1.229213049678301237e-03
1.906914427912652582e-03
2.638575528011356634e-03
3.314741184221977905e-03
3.662843185068629954e-03
2.868565232038312613e-03
1.792642659178117579e-03
6.955465486482486975e-04
1.447323879918723639e-04
2.954263285264317670e-05
1.104755874318869592e-06
1.288547800459636022e-10
0.000000000000000000e+00
0.000000000000000000e+00
0.000000000000000000e+00
0.000000000000000000e+00
0.000000000000000000e+00
