6.727430555555555507e-05
1.019965277777777840e-04
1.562500000000000033e-04
2.886284722222222376e-04
4.166666666666666934e-04
5.403645833333333435e-04
8.506944444444443929e-04
1.239149305555555620e-03
1.493055555555555629e-03
1.803385416666666678e-03
2.473958333333333218e-03
3.517795138888888881e-03
5.865885416666666817e-03
8.795572916666665950e-03
1.123046875000000000e-02
1.399956597222222140e-02
1.689670138888888992e-02
2.048828125000000042e-02
2.300781249999999875e-02
2.421440972222222224e-02
2.417751736111111230e-02
2.217013888888888853e-02
2.063151041666666519e-02
1.952907986111111077e-02
1.770182291666666519e-02
1.661892361111111036e-02
1.501953125000000076e-02
1.314019097222222238e-02
1.226345486111111126e-02
1.077473958333333322e-02
1.003472222222222265e-02
9.685329861111110702e-03
9.843750000000000069e-03
9.316406249999999167e-03
8.305121527777778456e-03
7.350260416666666401e-03
5.822482638888889193e-03
5.744357638888889124e-03
6.901041666666666435e-03
8.122829861111111049e-03
8.671875000000000763e-03
9.027777777777776930e-03
8.693576388888889575e-03
8.328993055555554761e-03
8.396267361111110425e-03
8.676215277777777485e-03
8.914930555555556149e-03
9.633246527777777901e-03
1.041883680555555532e-02
1.110026041666666713e-02
1.276475694444444489e-02
1.513888888888888923e-02
2.061631944444444406e-02
2.532986111111111202e-02
2.654947916666666741e-02
2.355034722222222252e-02
1.662977430555555650e-02
9.422743055555555733e-03
4.548611111111110911e-03
3.203124999999999809e-03
2.135416666666666539e-03
2.382812499999999948e-03
3.007812500000000069e-03
3.398437499999999983e-03
3.463541666666666852e-03
3.285590277777777901e-03
4.609374999999999757e-03
4.622395833333333391e-03
5.820312499999999965e-03
9.275173611111110772e-03
1.362196180555555469e-02
2.007378472222222376e-02
2.714843750000000069e-02
3.102864583333333343e-02
2.919053819444444517e-02
2.331163194444444559e-02
1.506510416666666588e-02
7.777777777777777554e-03
4.479166666666666886e-03
3.867187499999999965e-03
4.752604166666666262e-03
5.716145833333333495e-03
6.393229166666666852e-03
9.140624999999999445e-03
1.238281249999999972e-02
1.575520833333333287e-02
1.889322916666666755e-02
1.928385416666666616e-02
1.713541666666666685e-02
1.350260416666666623e-02
9.401041666666666921e-03
5.247395833333333079e-03
2.734374999999999827e-03
1.263020833333333226e-03
2.083333333333333467e-04
0.000000000000000000e+00
0.000000000000000000e+00
0.000000000000000000e+00
0.000000000000000000e+00
0.000000000000000000e+00
