2.221994972362211237e-07
1.941991856252078167e-07
3.812191890988512244e-07
7.678994713770398560e-07
6.346201425170319152e-07
9.584890492973608620e-07
1.476209507635082454e-06
3.447108744095766344e-06
5.111796389309137642e-06
6.815150798301894420e-06
1.099511486479819018e-05
1.743293888139752220e-05
3.359278539153536262e-05
5.310428252815831054e-05
6.590863508345151916e-05
6.898836887357217423e-05
6.187135003290030648e-05
5.948117817941088421e-05
4.895407370938137793e-05
3.970741346897583158e-05
3.097038444888967120e-05
2.759929209344584361e-05
2.447247283495941413e-05
2.234808436349267299e-05
1.854604475680265955e-05
1.607705575493239100e-05
1.494620280840711470e-05
1.392182960669179752e-05
1.595786019006442102e-05
1.801610686767648350e-05
2.201119753321379165e-05
2.343083090223975422e-05
2.481402510312535838e-05
2.479078119122623397e-05
2.410391383981608116e-05
2.574250574446307810e-05
2.355937715292753690e-05
2.486152788147769411e-05
2.699008609595928790e-05
2.438581450947244317e-05
1.925173673850991967e-05
1.343837365205686861e-05
9.231684325367199638e-06
7.182921961934682031e-06
5.669757206760837496e-06
4.514005084145194702e-06
4.423675786292202369e-06
5.075880580025335007e-06
5.008668318354230511e-06
5.381195043862355087e-06
5.367883243918424464e-06
5.440313482558352916e-06
6.456372519515983330e-06
5.336415249166513125e-06
3.585041594182199631e-06
1.938904643744858948e-06
7.695919579173149267e-07
2.596234611327933781e-07
8.071784112551415028e-08
4.464114397879840344e-08
1.384129915017397087e-08
1.055461097927153640e-08
1.335398733077844025e-08
1.510278629023884461e-08
1.504183140207653682e-08
1.626091700685217808e-08
5.193064326634812618e-08
4.316749942199595247e-08
5.574510869905109194e-08
1.113483084184914948e-07
1.700723273465238894e-07
3.907934823319070535e-07
7.653799096542619889e-07
1.002636515356795630e-06
9.226907929323262269e-07
5.813181280061922929e-07
2.433302728908724905e-07
7.177075961444745457e-08
3.064634364430963576e-08
3.375151485669388808e-08
6.563837686303235004e-08
9.149449934419212481e-08
9.705167354830112201e-08
2.031590692887989655e-07
3.108855426753131918e-07
6.062546468507842819e-07
9.395026250170879980e-07
1.087936254956229897e-06
9.265894910491646980e-07
5.436148091047911142e-07
2.446845981898663473e-07
4.904013532605745936e-08
8.940926851147662939e-09
7.184700959048722186e-10
9.118020452795938541e-13
0.000000000000000000e+00
0.000000000000000000e+00
0.000000000000000000e+00
0.000000000000000000e+00
0.000000000000000000e+00
