0.000000000000000000e+00
0.000000000000000000e+00
2.359858894620255375e+23
2.359858894620255375e+23
3.539788341930382894e+23
1.297922392041140573e+24
2.241865949889242589e+24
2.949823618275319436e+24
4.188749537950953449e+24
5.604664874723106607e+24
5.663661347088612630e+24
8.377499075901906898e+24
1.227126625202532808e+25
1.811191701621046093e+25
2.914425734856015607e+25
4.353939660574371604e+25
5.168090979218359455e+25
6.241826776270575528e+25
7.179870686882126673e+25
7.474853048709658938e+25
7.498451637655861348e+25
7.527949873838615004e+25
7.103175272806969057e+25
6.760995733087031972e+25
6.247726423507125915e+25
5.634163110905859833e+25
5.286083923949372361e+25
4.991101562121840095e+25
4.643022375165352623e+25
4.135652712821997813e+25
3.380497866543515986e+25
2.920325382092565995e+25
2.271364186071995869e+25
1.563406517685919290e+25
1.215327330729431603e+25
1.244825566912184830e+25
1.185829094546678377e+25
1.392316747825950748e+25
1.486711103610760815e+25
1.864288526750001729e+25
2.147471594104432575e+25
2.530948664480224091e+25
2.808232084598103906e+25
2.914425734856015607e+25
3.032418679587028084e+25
3.480791869564876870e+25
3.586985519822788142e+25
3.693179170080699844e+25
3.952763648488928066e+25
4.371638602284022767e+25
4.483731899778485285e+25
4.949804031465985664e+25
4.678420258584656667e+25
4.908506500810131233e+25
3.811172114811712321e+25
2.814131731834654723e+25
1.870188173986552331e+25
1.758094876492090242e+25
9.970403829770578127e+24
1.191728741783228979e+25
2.023579002136868852e+25
2.011779707663767647e+25
1.728596640309337016e+25
1.551607223212817871e+25
1.356918864406646919e+25
4.542728372143991739e+24
1.710897698599685155e+24
1.038337913632912459e+25
3.014719737877376492e+25
4.489631547015035673e+25
6.442414782313297297e+25
9.303743692040356409e+25
1.024178760265190927e+26
1.090844774038213056e+26
1.076685620670491610e+26
8.849470854825957665e+25
5.929145472733392099e+25
4.176950243477852244e+25
2.814131731834654723e+25
2.200568419233388211e+25
2.513249722770572070e+25
2.548647606189875684e+25
3.704978464553801049e+25
3.386397513780066374e+25
3.097314799189085354e+25
4.607624491746048579e+25
5.097295212379751367e+25
3.775774231392408707e+25
2.814131731834654723e+25
2.383457483566457958e+25
5.250686040530068317e+24
0.000000000000000000e+00
0.000000000000000000e+00
0.000000000000000000e+00
0.000000000000000000e+00
0.000000000000000000e+00
0.000000000000000000e+00
0.000000000000000000e+00
0.000000000000000000e+00
0.000000000000000000e+00
