0.000000000000000000e+00
0.000000000000000000e+00
4.266204337347231709e-06
4.266204337347231709e-06
4.351846081422296925e-06
1.497874021004403747e-05
2.622822503500321211e-05
6.631461156427464739e-05
7.383063319798739991e-05
1.046549305961063097e-04
1.099437325920436023e-04
9.412477461140061181e-05
4.771423689353391784e-01
5.598995081113902206e-01
2.298895861258457352e+00
2.766236475628103264e+00
4.464866159960220848e+00
5.391328352934950274e+00
4.366550032930170744e+00
4.494193580959708001e+00
2.539343439170306471e+00
1.614460803166039682e+00
9.593209240970678175e-01
4.039433564088418249e-01
2.444273307845733767e-01
2.331025477999932038e-01
2.395343722218142568e-01
2.529999664066322485e-01
2.425955660542617465e-01
2.489736952213496557e-01
1.927918237350081665e-01
1.419588083149012359e-01
9.578700212830755512e-02
2.259007106757935160e-02
1.857524778342845365e-02
3.169571280913636296e-02
3.879412451230229708e-02
5.788049990400624678e-02
6.799329810805745944e-02
7.174961782925530496e-02
8.019783090585541618e-02
9.128919032187962634e-02
1.423808676650795135e-01
1.601627705510503541e-01
1.622244800397664721e-01
1.661106247792518420e-01
1.529096863658102046e-01
1.356371825829256472e-01
1.193110346849283465e-01
8.631486176600369764e-02
3.655669837552105728e-02
2.045846396409859574e-02
2.016808732239597918e-02
1.709014902919236967e-02
1.431036144894528260e-02
1.084538209476731442e-02
5.350328653033527976e-03
1.533199075933397871e-03
1.252031465415530571e-03
1.610794433454700329e-03
3.084572339522069582e-03
3.359061316108179988e-03
3.430945899941076436e-03
2.985771943288271189e-03
1.272081546591371983e-03
5.903913521916570291e-04
0.000000000000000000e+00
1.131481934121853644e-04
1.056306458582017323e-03
2.531331652354157618e-03
3.613145821361463984e-03
5.619367251579318254e-03
6.705699612025254122e-03
6.172424811200845352e-03
6.160244315825508590e-03
4.213671168112198204e-03
2.184180542496414953e-03
1.242430149548696006e-03
7.223114062424537424e-04
1.623216533135676473e-03
1.730330145646964950e-03
1.770586575099342922e-03
1.861345884775048075e-03
1.087917545141053053e-03
1.094933279129225567e-03
1.241195994846261636e-03
6.978840266602608739e-04
4.038827579376610857e-04
2.897534114382002029e-04
1.032342662687867584e-04
6.271994453352892920e-06
0.000000000000000000e+00
0.000000000000000000e+00
0.000000000000000000e+00
0.000000000000000000e+00
0.000000000000000000e+00
0.000000000000000000e+00
0.000000000000000000e+00
0.000000000000000000e+00
0.000000000000000000e+00
