0.000000000000000000e+00
0.000000000000000000e+00
1.374019292666264895e+24
7.851538815235798252e+23
2.463472080282599121e+24
9.032760279411071283e+24
1.498158201504464139e+25
3.314661632250321228e+25
3.143057797971425797e+25
7.575040183243572825e+25
9.186075566681139038e+25
1.341312300496307541e+26
3.158545454801732844e+26
5.674028670332388933e+26
8.632613807815706857e+26
1.447782025312489578e+27
1.844380836713561809e+27
2.188400770909639141e+27
2.779437309906547127e+27
3.337450895019287705e+27
3.517264791545768140e+27
3.844462551940041302e+27
3.859787377498597261e+27
3.476430351766173527e+27
2.790323116803270380e+27
2.495217415039273550e+27
2.200515701193407532e+27
1.712375869622438115e+27
1.425125409004586195e+27
9.875632849520753561e+26
5.784370429528250771e+26
3.731553433081417129e+26
2.573180668216667131e+26
1.847185598418599902e+26
1.905525585147301306e+26
1.722046189766119990e+26
1.238937086534273012e+26
1.555285583932218717e+26
1.894390597823206986e+26
2.865830602663468173e+26
4.293456019958357739e+26
5.428469551447813460e+26
5.455578077513570527e+26
7.203177256268767855e+26
9.056530870587847496e+26
1.100181468686398016e+27
1.201803522493444957e+27
1.055911874624596241e+27
7.370644843609207536e+26
5.861917276334284254e+26
4.908718282959432440e+26
5.176366097654511484e+26
3.310120382065961713e+26
1.745186538261436687e+26
6.296307195222141575e+25
3.360702554201572248e+24
0.000000000000000000e+00
0.000000000000000000e+00
0.000000000000000000e+00
6.102758620653443193e+22
1.833425804269579540e+25
3.959055439441664425e+25
5.423537065803832494e+25
5.550311086399167611e+25
1.975483330902295999e+25
1.728491783195963253e+24
1.335461776207963572e+23
8.123494353718963708e+24
3.801152212053298816e+25
1.250493242116433479e+26
3.115913725032391415e+26
4.854374658419850705e+26
5.673136416991392307e+26
7.257486977310115333e+26
4.573974181735642070e+26
2.217910868766576585e+26
8.539727256172228619e+25
1.522668105431737441e+25
1.148183356714826298e+25
4.224997220504996137e+25
6.141155936521671878e+25
6.635783099656595318e+25
4.213383160301222535e+25
2.470340912896855265e+25
4.231585393830536425e+25
1.238891193725947469e+26
1.301846234828273895e+26
1.192159710229796053e+26
5.050152885779656618e+25
2.521569819069854792e+24
0.000000000000000000e+00
0.000000000000000000e+00
0.000000000000000000e+00
0.000000000000000000e+00
0.000000000000000000e+00
0.000000000000000000e+00
0.000000000000000000e+00
0.000000000000000000e+00
0.000000000000000000e+00
0.000000000000000000e+00
