0.000000000000000000e+00
0.000000000000000000e+00
2.655271633326126714e+22
4.314816404154955805e+22
3.650998495823423917e+22
2.987180587491892448e+22
1.045513205622162294e+23
4.812679835403604197e+22
7.136042514563964758e+22
1.228063130413333595e+23
1.028917757913874070e+23
3.053562378325045260e+23
2.771439767284144616e+23
2.688462528742702994e+23
2.522508051659820085e+23
3.717380286656576896e+23
6.107124756650090520e+23
8.778991837684505793e+23
7.235615200813694436e+23
1.224744040871675849e+24
1.920093299848955262e+24
2.203875455660684980e+24
2.190599097494054266e+24
2.426254454951748018e+24
2.963946960700288818e+24
3.206240497241297791e+24
3.787081167031388208e+24
4.689873522362270804e+24
5.742024907067748187e+24
5.252459199673243621e+24
4.094096949634721607e+24
3.599552607927730423e+24
3.543128085719549825e+24
3.103348721449910367e+24
2.809609297013207414e+24
2.482678977159928079e+24
2.466083529451639889e+24
2.575613484326342804e+24
1.566610263662414770e+24
3.916525659156036924e+23
2.223789992910631050e+23
2.788035214992433008e+23
2.920798796658739134e+23
2.788035214992433008e+23
3.617807600406847218e+23
4.912252521653334379e+23
3.883334763739460141e+23
4.547152672070991778e+23
4.746298044570451134e+23
5.310543266652253093e+23
3.617807600406847218e+23
7.965814899978379639e+23
6.970088037481081513e+23
7.600715050396037037e+23
7.335187887063424114e+23
8.364105644977298352e+23
7.799860422895496394e+23
1.035555936997189326e+24
1.417251234287819984e+24
1.211467682705045136e+24
1.364145801621297399e+24
1.428868047683621824e+24
1.971539187744648974e+24
2.617102103597063548e+24
3.007095124741838434e+24
1.878604680578234518e+24
1.354188532996324431e+24
8.961541762475676423e+23
7.567524154979460925e+23
5.708834011651171806e+23
1.350869443454666954e+24
2.107621858952613047e+24
2.237066351077261629e+24
2.285193149431297595e+24
2.368170387972739083e+24
2.187280007952396789e+24
1.935029202786414580e+24
1.724267016891153382e+24
1.710990658724522669e+24
1.697714300557892224e+24
1.521802554850036280e+24
1.503547562370919217e+24
1.427208502912792952e+24
1.621375241099765959e+24
9.046178545787946783e+24
9.117538970933587236e+24
9.841100491014957485e+24
9.545701521807424585e+24
9.739868259994398397e+24
1.008837266186845093e+25
5.927893921400577635e+24
3.023690572450126625e+24
1.983156001140450815e+24
1.540057547329153343e+24
7.700287736645766716e+23
2.987180587491892448e+22
0.000000000000000000e+00
0.000000000000000000e+00
0.000000000000000000e+00
0.000000000000000000e+00
