1.005207362233922055e+02
1.087355130362982862e+02
1.421955518877284987e+02
2.125955484915236298e+02
1.609894573111860439e+02
1.805160439464758610e+02
2.168521260004924898e+02
2.136459209665702303e+02
2.188411363869663262e+02
4.891930615173118895e+02
5.687763710299117292e+02
7.683462496043212013e+02
8.831552115403034122e+02
9.217495146714156817e+02
1.130423799080620483e+03
1.388741885232479945e+03
1.664836112705391315e+03
1.930617244294826833e+03
2.118395580709473961e+03
1.972821235979316725e+03
2.198389709814917751e+03
2.301488809118718564e+03
2.282949090304575293e+03
2.708153002748204926e+03
2.852452448355249544e+03
2.948930518668580135e+03
3.238470976357319614e+03
3.246055860186106656e+03
3.348851802958313328e+03
3.616347150868772133e+03
3.833158126079100384e+03
4.123587302524603729e+03
4.083260575849410088e+03
3.902476359756484726e+03
3.594784640820302684e+03
3.130558034212566326e+03
2.774539053460744071e+03
2.367657551041075294e+03
2.117775462414515459e+03
2.005784888639382189e+03
2.132041899942475084e+03
2.071774327888118933e+03
2.182690867465983047e+03
2.021990366361294491e+03
1.957077881941580245e+03
1.865241096717559003e+03
2.100924444388149823e+03
2.399238062887554861e+03
2.344108745254280166e+03
2.940125971372913682e+03
2.768075314999632610e+03
2.697856666199866140e+03
3.199034028699146347e+03
2.862963074194668479e+03
3.158127922840995325e+03
3.592012983166848244e+03
3.236968781868342830e+03
3.825860670230335018e+03
3.650822848400478961e+03
3.180113141292712498e+03
3.233578895861520323e+03
3.014003094127847362e+03
3.098242239981999319e+03
3.340164648489997944e+03
3.160053552503592073e+03
2.786227589400578836e+03
2.255971474899532495e+03
1.812101947002640827e+03
1.416340066043147090e+03
1.148800918383667749e+03
1.197970404148635907e+03
1.389788744672119947e+03
1.871801846382288204e+03
2.204045118900363832e+03
2.585457567180505976e+03
2.844738956346595842e+03
2.939211281199839050e+03
3.017826534171790172e+03
2.810067665791983927e+03
2.545701405228090152e+03
2.313014173491537349e+03
2.013713857729831943e+03
1.780328768179482040e+03
1.538300867517867118e+03
1.416575189885564896e+03
1.357434188048661554e+03
1.431117946619670647e+03
1.431265188705124501e+03
1.300203136188365534e+03
1.150952161542637441e+03
8.837257671927858382e+02
6.600797969761788409e+02
4.472240740416544895e+02
2.295792381997218001e+02
1.089546510547754252e+02
3.261690439669853703e+01
3.189809919464245969e+00
0.000000000000000000e+00
0.000000000000000000e+00
0.000000000000000000e+00
