6.147277325047776685e+03
6.400516582873631705e+03
6.856148489378381782e+03
7.533099276187503165e+03
1.686453489686887906e+03
1.552271475509818174e+03
1.304530768158507499e+03
7.886968565380341261e+02
6.010150604603853708e+02
9.494413874157619375e+02
9.385754504211089397e+02
1.074897151242215614e+03
1.128906897466165447e+03
9.397898743050697021e+02
1.003291451354475612e+03
1.043925346272527349e+03
1.131775090447236607e+03
1.157378695724429463e+03
1.144528432989981866e+03
9.624482146551971482e+02
9.579792927483952099e+02
8.926713498575576295e+02
8.096417123937452516e+02
8.850435203289147239e+02
8.485336782300967116e+02
8.049203799945778428e+02
8.237914518570596556e+02
7.617776771350876288e+02
7.262862241315094707e+02
7.249198464691587560e+02
7.161060059046882316e+02
7.218490548112367833e+02
6.742824923985610894e+02
6.046392295803020716e+02
5.255495539669462914e+02
4.297145285129207650e+02
3.599330261648226497e+02
2.892749901778796584e+02
2.437952468589718649e+02
2.163983262011281283e+02
2.158904994842096983e+02
2.000448996167519908e+02
1.998291968069210611e+02
1.776006174897755727e+02
1.618345469646382924e+02
1.483411809995456565e+02
1.556258853756640974e+02
1.699118439937946619e+02
1.587064282743904755e+02
1.904297508077989107e+02
1.710915954280622771e+02
1.601121274051861292e+02
1.812601490601479099e+02
1.554450332260148855e+02
1.636842597742943326e+02
1.788689933346644523e+02
1.544392992003918437e+02
1.754381730210880050e+02
1.613270377327390861e+02
1.353354135315022404e+02
1.329740059100296321e+02
1.173520755272360958e+02
1.157050932438260133e+02
1.208221128419359331e+02
1.109433077993369636e+02
9.417633139068105663e+01
7.377595070086930207e+01
5.697693190820205444e+01
4.329616909578887629e+01
3.343132769307514707e+01
3.336255339036470957e+01
3.684813857406469140e+01
4.816347003636958135e+01
5.497651940257119207e+01
6.250943609920268074e+01
6.651856653405626219e+01
6.655691651209546933e+01
6.619739961282756724e+01
5.982831492269023244e+01
5.243246300585543196e+01
4.611922879665951314e+01
3.880967713363942551e+01
3.332131256590074742e+01
2.786550893833610942e+01
2.469460695361258473e+01
2.279530987315837720e+01
2.327144097760680808e+01
2.266323349246485819e+01
2.002231744680146619e+01
1.721019697596448239e+01
1.283917714358809903e+01
9.339250883469063069e+00
6.182583060428294530e+00
3.094689792705650255e+00
1.436559535644376773e+00
4.212231631681185862e-01
4.027160450347873344e-02
0.000000000000000000e+00
0.000000000000000000e+00
0.000000000000000000e+00
