0.000000000000000000e+00
0.000000000000000000e+00
0.000000000000000000e+00
2.359858894620255375e+23
2.359858894620255375e+23
2.359858894620255375e+23
3.539788341930382894e+23
8.259506131170894314e+23
1.297922392041140573e+24
2.005880060427217152e+24
2.949823618275319436e+24
3.303802452468357726e+24
4.483731899778485178e+24
4.483731899778485178e+24
4.601724844509498299e+24
4.129753065585446889e+24
7.433555518053804077e+24
9.321442633750008646e+24
1.262524508621836637e+25
1.746295582018989038e+25
2.643041961974686181e+25
2.796432790125002701e+25
4.023559415327535294e+25
4.589925550036396558e+25
4.849510028444624780e+25
5.274284629476270727e+25
6.643002788356019066e+25
6.477812665732601340e+25
7.020580211495260194e+25
6.796393616506335157e+25
6.466013371259499706e+25
5.368678985261081224e+25
4.707918494767409464e+25
4.589925550036396558e+25
4.389337543993674789e+25
3.964562942962028841e+25
3.669580581134497005e+25
4.188749537950953020e+25
3.103214446425635742e+25
3.056017268533230923e+25
2.489651133824369660e+25
1.982281471481014421e+25
8.849470854825958309e+24
9.557428523212034888e+24
6.961583739129753741e+24
8.377499075901906898e+24
1.026538619159811039e+25
1.038337913632912459e+25
7.079576683860765788e+24
8.141513186439880656e+24
8.849470854825958309e+24
7.905527296977855488e+24
7.433555518053804077e+24
1.687299109653482584e+25
1.675499815180381380e+25
1.828890643330697900e+25
1.970482177007913216e+25
2.300862422254749096e+25
1.687299109653482584e+25
2.678439845393989795e+25
3.150411624318040990e+25
3.433594691672471622e+25
3.197608802210446239e+25
3.362798924833863964e+25
2.513249722770572070e+25
1.994080765954115625e+25
1.994080765954115625e+25
2.159270888577533780e+25
2.112073710685128532e+25
2.300862422254749096e+25
2.466052544878166821e+25
2.938024323802218017e+25
2.820031379071205111e+25
3.103214446425635742e+25
2.808232084598103906e+25
3.197608802210446239e+25
2.725637023286395043e+25
2.831830673544306315e+25
2.430654661458863207e+25
2.584045489609179727e+25
2.359858894620255549e+25
2.123873005158229736e+25
3.044217974060129289e+25
6.336221132055386025e+25
8.908467327191464977e+25
1.131552339970412449e+26
1.433614278481805179e+26
1.693198756890033402e+26
1.576385741606330573e+26
1.341579781591615181e+26
1.086715020972627613e+26
8.070717419601273857e+25
4.306742482681965926e+25
1.834790290567248503e+25
1.233026272439083411e+25
6.784594322033234596e+24
1.710897698599685155e+24
2.949823618275319302e+23
0.000000000000000000e+00
0.000000000000000000e+00
