0.000000000000000000e+00
0.000000000000000000e+00
0.000000000000000000e+00
0.000000000000000000e+00
3.766885935697103331e-03
3.766885935697103331e-03
3.835505646484834753e-03
3.835505646484834753e-03
1.467399074719849192e-02
3.277413975331484874e-02
9.658199352283294847e-02
1.078389250595056525e-01
1.677217011443510597e-01
1.696529221933816556e-01
1.407265897333436766e-01
1.311636726281536214e-01
8.025519729271204938e-02
2.224582160982428558e+00
6.615240902812021595e+00
1.181453748604033294e+01
1.229397958459100515e+01
1.030084225434721468e+01
6.027250048050745157e+00
1.226954831772911314e+00
1.209723649576054161e+00
1.244478731150311379e+00
1.658520742108138490e+00
1.781698581452951569e+00
1.800822478349813904e+00
2.078021725602822389e+00
1.859095710177830041e+00
1.378797212522558713e+00
1.063250292589913659e+00
6.930902918451933292e-01
4.624362792382732401e-01
6.111644542367178357e-01
5.205385497436754161e-01
5.602312218994345283e-01
7.220161128679383200e-01
5.526848272845157339e-01
4.835919120195470988e-01
3.337761669668578013e-01
6.400923760653567940e-02
8.748066685736530235e-02
7.853925568222293319e-02
1.132253551359962279e-01
1.100535536064761039e-01
1.034528654199309283e-01
9.665119487194606673e-02
5.908378770392948287e-02
7.899476348925139890e-02
7.451588376019133153e-02
7.819780913525607724e-02
1.647632599708793999e-01
1.897751188966823044e-01
1.925903232829948020e-01
2.215012441286354217e-01
1.815106310255264199e-01
1.790172266075831797e-01
2.107947538260896148e-01
3.275930532781651805e-01
3.721699414093592728e-01
3.537815016638469201e-01
3.270710652604721935e-01
2.028793590960474291e-01
1.553231514154937432e-01
1.670290561426204246e-01
1.816745485288768225e-01
2.017311184716435724e-01
2.200836816131393758e-01
2.289863209578411052e-01
2.625300834317131904e-01
2.523598082400827503e-01
2.551977721082983597e-01
2.497613683837321685e-01
2.151300153857875208e-01
2.772191185332332775e-01
2.741307716591214194e-01
3.243617427593820657e-01
2.781971991723977689e-01
2.712658017717580750e-01
2.512852462871764114e-01
2.286305171557389271e-01
5.535541625547814037e-01
9.329066556243409414e-01
1.275718439140054228e+00
1.893566098290938360e+00
2.812862073683994435e+00
2.932215487068254411e+00
2.783313613260995023e+00
2.205270621318523361e+00
1.039623325746483085e+00
5.143005360237695722e-01
3.348356901394369811e-01
2.229168305093104097e-01
1.337053779908583262e-01
5.617315763074583190e-02
0.000000000000000000e+00
0.000000000000000000e+00
0.000000000000000000e+00
