4.991319444444444737e-05
5.859374999999999783e-05
1.215277777777777743e-04
1.519097222222222246e-04
2.039930555555555681e-04
2.886284722222222376e-04
3.233506944444444666e-04
3.841145833333333131e-04
4.578993055555555768e-04
6.749131944444444536e-04
9.353298611111110624e-04
1.197916666666666574e-03
1.349826388888888907e-03
1.430121527777777771e-03
1.506076388888888829e-03
2.363281249999999931e-03
3.059895833333333304e-03
3.797743055555555507e-03
5.577256944444444579e-03
7.011718749999999722e-03
9.034288194444444614e-03
1.081380208333333412e-02
1.193793402777777735e-02
1.332031250000000056e-02
1.489149305555555539e-02
1.748046874999999861e-02
2.119791666666666699e-02
2.435329861111111202e-02
2.585720486111111119e-02
2.540364583333333190e-02
2.299913194444444531e-02
2.001953125000000000e-02
1.790798611111111063e-02
1.622829861111111174e-02
1.476128472222222252e-02
1.388020833333333294e-02
1.299913194444444510e-02
1.055989583333333259e-02
7.727864583333333114e-03
4.802517361111110702e-03
2.048611111111111292e-03
1.440972222222222177e-03
1.486545138888888812e-03
1.636284722222222134e-03
1.966145833333333200e-03
2.057291666666666470e-03
2.374131944444444337e-03
2.465277777777777606e-03
2.365451388888888725e-03
2.656250000000000191e-03
2.960069444444444423e-03
3.233506944444444232e-03
3.754340277777777884e-03
3.932291666666666401e-03
4.049479166666666505e-03
4.218750000000000278e-03
4.665798611111111015e-03
5.590277777777777346e-03
6.026475694444444545e-03
6.690538194444444267e-03
7.660590277777777450e-03
8.654513888888888673e-03
1.083333333333333370e-02
1.248480902777777783e-02
1.196180555555555539e-02
1.054470486111111147e-02
7.836371527777778040e-03
5.338541666666666782e-03
4.381510416666666366e-03
5.429687499999999618e-03
7.241753472222222342e-03
9.329427083333332801e-03
1.122178819444444482e-02
1.185980902777777728e-02
1.164062499999999993e-02
1.109157986111111195e-02
1.044270833333333336e-02
9.589843750000000278e-03
8.856336805555555663e-03
8.428819444444443643e-03
8.075086805555554970e-03
7.743055555555555976e-03
1.270182291666666595e-02
2.243055555555555428e-02
3.325737847222222376e-02
4.382378472222222404e-02
4.975477430555555469e-02
5.121961805555555469e-02
4.933376736111111382e-02
4.248914930555555691e-02
3.266493055555555469e-02
2.191623263888889048e-02
1.257161458333333308e-02
7.345920138888888812e-03
4.372829861111111188e-03
1.918402777777777771e-03
3.927951388888888703e-04
0.000000000000000000e+00
0.000000000000000000e+00
0.000000000000000000e+00
