2.783015000188809832e+25
1.947995981449205080e+25
4.597763716413755491e+25
6.564659112631793841e+25
3.308559339512271297e+25
4.568351917185163755e+25
5.359729180285986969e+25
6.272790239310312664e+25
7.659568595036980271e+25
2.523675844417395403e+26
4.066415099964178287e+26
7.035402467329918251e+26
9.112138538198464519e+26
1.007607114839694248e+27
1.301348620202021280e+27
2.508662900430074199e+27
3.893888340152529098e+27
5.604374171774498274e+27
9.030942524864357079e+27
1.057347116844252791e+28
1.518112606445040847e+28
1.902359746988953191e+28
2.083199031764571263e+28
2.757356846205090569e+28
3.246848467004849911e+28
3.940242744665966689e+28
5.247332125516454687e+28
6.042534612365049469e+28
6.618855029893087903e+28
7.022173036049883010e+28
6.738659985944827854e+28
6.310074136102905691e+28
5.589323005776956603e+28
4.840816664141808239e+28
4.056041578301586311e+28
3.321414730649064403e+28
2.756833628768669694e+28
1.911102082473209522e+28
1.250963905331262697e+28
7.363065472212678432e+27
3.338571048584619695e+27
2.281935789830794067e+27
2.480137140666575989e+27
2.528967924991020677e+27
2.941231440019417624e+27
2.933163055636105842e+27
3.812594783998678659e+27
4.521104728647156778e+27
4.238353207872703838e+27
5.969531516945363185e+27
6.263039719838645597e+27
6.668037507747405247e+27
9.180320769529304651e+27
8.605316204465030863e+27
9.775393536122557683e+27
1.158315989876813876e+28
1.154436007374993173e+28
1.634812319662930279e+28
1.681742628965429050e+28
1.626331184053511383e+28
1.893437875749618248e+28
1.993846575335962161e+28
2.565563926670172864e+28
3.187536323855969300e+28
2.889325993524888444e+28
2.245724001614058997e+28
1.351306873018131152e+28
7.394530887066877228e+27
4.743476496376436909e+27
4.767876226925964057e+27
6.631246756769581365e+27
9.910809502051361018e+27
1.605562818916485539e+28
1.998037064008921513e+28
2.300483257509663632e+28
2.411799463997134481e+28
2.346115116514116092e+28
2.212132659014274127e+28
1.902287988858152233e+28
1.640134925762212662e+28
1.427679939619264104e+28
1.191833251111712662e+28
1.728508927608137478e+28
2.637464840493517233e+28
3.601081974178772104e+28
4.547095004466640725e+28
5.442714479199110681e+28
5.603531372306435428e+28
4.902988272254843092e+28
3.738011838749902839e+28
2.206503501615054200e+28
1.105777390924168375e+28
4.297556502195052619e+27
1.289092782137690308e+27
3.641780095095455458e+26
4.782862534920479729e+25
9.577149621760102603e+23
0.000000000000000000e+00
0.000000000000000000e+00
0.000000000000000000e+00
