1.236979166666666771e-04
1.584201388888888790e-04
3.059895833333333521e-04
4.448784722222222138e-04
5.967881944444444926e-04
9.939236111111110061e-04
1.384548611111111136e-03
1.746961805555555637e-03
2.269965277777777866e-03
3.661024305555555386e-03
4.997829861111110876e-03
8.591579861111111466e-03
1.258029513888888826e-02
1.622829861111111174e-02
2.121527777777777735e-02
2.578342013888888784e-02
3.280598958333333370e-02
3.674696180555555441e-02
3.748914930555555247e-02
3.539713541666666963e-02
2.907552083333333343e-02
2.490668402777777846e-02
2.117838541666666741e-02
1.517795138888888840e-02
1.035590277777777811e-02
5.664062499999999827e-03
2.575954861111111327e-03
2.973090277777777624e-03
3.311631944444444302e-03
3.771701388888888673e-03
4.275173611111111535e-03
4.739583333333333495e-03
5.364583333333333183e-03
6.115451388888889020e-03
7.031250000000000173e-03
8.344184027777777624e-03
9.511718750000000208e-03
1.192708333333333294e-02
1.580729166666666741e-02
1.695963541666666713e-02
1.628255208333333204e-02
1.345486111111111188e-02
1.011718749999999944e-02
1.086588541666666692e-02
1.353298611111111195e-02
1.693142361111111063e-02
1.800564236111111202e-02
1.684244791666666616e-02
1.568142361111110952e-02
1.382161458333333419e-02
1.375434027777777853e-02
2.995442708333333204e-02
4.683593750000000083e-02
6.432725694444443865e-02
7.918402777777777679e-02
6.683593749999999778e-02
5.015842013888888867e-02
3.119357638888889048e-02
1.256510416666666713e-02
5.230034722222221856e-03
1.449652777777777788e-03
0.000000000000000000e+00
0.000000000000000000e+00
0.000000000000000000e+00
0.000000000000000000e+00
0.000000000000000000e+00
0.000000000000000000e+00
0.000000000000000000e+00
0.000000000000000000e+00
0.000000000000000000e+00
0.000000000000000000e+00
0.000000000000000000e+00
0.000000000000000000e+00
0.000000000000000000e+00
0.000000000000000000e+00
0.000000000000000000e+00
0.000000000000000000e+00
0.000000000000000000e+00
0.000000000000000000e+00
0.000000000000000000e+00
0.000000000000000000e+00
0.000000000000000000e+00
0.000000000000000000e+00
0.000000000000000000e+00
0.000000000000000000e+00
0.000000000000000000e+00
0.000000000000000000e+00
0.000000000000000000e+00
0.000000000000000000e+00
0.000000000000000000e+00
0.000000000000000000e+00
0.000000000000000000e+00
0.000000000000000000e+00
0.000000000000000000e+00
0.000000000000000000e+00
0.000000000000000000e+00
0.000000000000000000e+00
0.000000000000000000e+00
0.000000000000000000e+00
0.000000000000000000e+00
