3.586978797812616178e-07
3.108683884664769849e-07
6.441345784985476794e-07
1.062795836502719504e-06
7.628770616622043682e-07
2.066152146621355482e-06
4.269682034270271922e-06
6.679433475031741225e-06
1.203013459791641030e-05
2.527045620605373184e-05
4.251954669866583381e-05
8.706650534637303364e-05
1.455766376232210581e-04
2.066456386015326681e-04
2.949753716745629264e-04
3.995556667858304401e-04
5.443635812856779770e-04
6.571124274484197109e-04
7.388791186803527746e-04
7.369828949922851025e-04
6.131102710201786739e-04
4.815516509725767174e-04
3.510558076866969490e-04
2.035993450472794585e-04
1.235740564040840330e-04
6.421632026309688187e-05
2.688964820427105728e-05
3.269592600766782091e-05
3.732360636345409847e-05
4.461927988802274597e-05
6.162703357684349269e-05
6.829655180105279229e-05
8.309464627922319956e-05
1.060351622017942700e-04
1.180884326607153044e-04
1.642199311055374332e-04
1.746380513633711206e-04
2.111268031680647546e-04
2.852210963052851972e-04
2.717826534871583015e-04
2.508756481236101323e-04
1.683103958918052523e-04
9.226245535240148803e-05
8.352978563606250535e-05
1.135313947486694968e-04
1.760029847528493056e-04
2.422339636394400364e-04
2.521792657438994868e-04
2.391923355902627420e-04
1.933483942241586405e-04
1.630183669068874036e-04
2.946913655398860949e-04
3.843316049036543105e-04
4.961041449765476183e-04
5.569284452694577437e-04
4.240750931921630738e-04
2.395246083063702744e-04
8.980600059924886817e-05
1.835895157736738858e-05
2.422964942877269078e-06
9.419345676222208090e-08
0.000000000000000000e+00
0.000000000000000000e+00
0.000000000000000000e+00
0.000000000000000000e+00
0.000000000000000000e+00
0.000000000000000000e+00
0.000000000000000000e+00
0.000000000000000000e+00
0.000000000000000000e+00
0.000000000000000000e+00
0.000000000000000000e+00
0.000000000000000000e+00
0.000000000000000000e+00
0.000000000000000000e+00
0.000000000000000000e+00
0.000000000000000000e+00
0.000000000000000000e+00
0.000000000000000000e+00
0.000000000000000000e+00
0.000000000000000000e+00
0.000000000000000000e+00
0.000000000000000000e+00
0.000000000000000000e+00
0.000000000000000000e+00
0.000000000000000000e+00
0.000000000000000000e+00
0.000000000000000000e+00
0.000000000000000000e+00
0.000000000000000000e+00
0.000000000000000000e+00
0.000000000000000000e+00
0.000000000000000000e+00
0.000000000000000000e+00
0.000000000000000000e+00
0.000000000000000000e+00
0.000000000000000000e+00
0.000000000000000000e+00
0.000000000000000000e+00
0.000000000000000000e+00
