8.897569444444444818e-05
1.236979166666666771e-04
1.779513888888888964e-04
3.016493055555555464e-04
4.123263888888888877e-04
5.577256944444444579e-04
8.832465277777778274e-04
1.247829861111111015e-03
1.480034722222222212e-03
1.953125000000000000e-03
2.621527777777777745e-03
3.999565972222222064e-03
6.351996527777777589e-03
9.372829861111110425e-03
1.174696180555555476e-02
1.427734374999999924e-02
1.761935763888888840e-02
2.137586805555555594e-02
2.243272569444444350e-02
2.246310763888888923e-02
2.119791666666666699e-02
1.718315972222222293e-02
1.622395833333333329e-02
1.525173611111111174e-02
1.423611111111111084e-02
1.411241319444444392e-02
1.402343749999999944e-02
1.396918402777777742e-02
1.358506944444444475e-02
1.376953124999999965e-02
1.325520833333333412e-02
1.217013888888888833e-02
1.084635416666666734e-02
1.023871527777777714e-02
9.928385416666666088e-03
9.600694444444444683e-03
8.945312500000000139e-03
7.858072916666666852e-03
7.725694444444444753e-03
7.649739583333333044e-03
7.975260416666666088e-03
7.816840277777778456e-03
7.011718749999999722e-03
7.450086805555555282e-03
8.266059027777777554e-03
9.776475694444444406e-03
1.086588541666666692e-02
1.074869791666666595e-02
1.117404513888888874e-02
1.027777777777777804e-02
1.035590277777777811e-02
1.705078125000000083e-02
2.392144097222222154e-02
3.250868055555555802e-02
3.757595486111110772e-02
3.173394097222222154e-02
2.404296875000000097e-02
1.433159722222222300e-02
7.949218750000000555e-03
5.644531250000000243e-03
4.303385416666666297e-03
4.192708333333333010e-03
3.763020833333333495e-03
3.997395833333333703e-03
4.140625000000000208e-03
4.257812500000000312e-03
4.166666666666666609e-03
3.854166666666666765e-03
4.296875000000000347e-03
5.034722222222222550e-03
6.783854166666666331e-03
9.461805555555554900e-03
1.290364583333333294e-02
1.229600694444444448e-02
1.104166666666666664e-02
9.157986111111111535e-03
5.638020833333333426e-03
5.611979166666667025e-03
5.351562500000000416e-03
4.895833333333333634e-03
5.377604166666666817e-03
6.054687500000000173e-03
7.057291666666666574e-03
1.151041666666666706e-02
1.617187499999999875e-02
2.001302083333333232e-02
2.365885416666666657e-02
2.436197916666666546e-02
2.263020833333333204e-02
1.860677083333333454e-02
1.391927083333333384e-02
8.828124999999999167e-03
4.322916666666666748e-03
2.578125000000000121e-03
1.367187499999999913e-03
2.604166666666666631e-04
0.000000000000000000e+00
0.000000000000000000e+00
0.000000000000000000e+00
0.000000000000000000e+00
