2.733984509485740085e+25
2.209860903505598578e+25
3.830689426608246004e+25
6.890166147587255592e+25
4.340666679143064039e+25
6.808702206932968074e+25
9.437103021088060774e+25
2.302935093389456495e+26
3.208291302207317431e+26
4.381541325036531037e+26
7.099765499037083739e+26
1.112654750228410868e+27
1.900676295919860857e+27
3.511884651829647861e+27
4.242568438036697317e+27
4.814276528585961191e+27
5.206050460684633050e+27
4.469845497167794050e+27
3.850740740640580978e+27
3.003562224432341077e+27
2.556817574141750825e+27
2.296260759659533978e+27
3.147958202030418112e+27
3.526749390361672166e+27
3.696436666559948677e+27
3.687893470610728713e+27
3.242761185516843721e+27
3.217449930168636678e+27
3.396029312036508553e+27
3.735671535278793760e+27
4.187401568770371081e+27
3.984543340761069961e+27
3.441526721055083218e+27
3.089374121815601434e+27
2.519252460306268057e+27
3.358875620722733804e+27
3.361100853727477341e+27
4.398962680330651016e+27
4.675404255126822919e+27
3.710717739103986244e+27
3.500749788934573061e+27
2.918097487168069879e+27
2.961071625846243524e+27
3.676356752769266605e+27
3.866147965041573745e+27
4.020362437576197979e+27
4.298429084265612760e+27
3.332294633377831941e+27
3.807340115937094737e+27
2.787796492419900717e+27
1.841781427700202870e+27
2.487928971864092195e+27
2.421770270705456669e+27
2.161331432117607142e+27
1.226885990681242626e+27
7.398072916281267357e+26
4.072779081105219014e+26
1.726598066337726358e+26
5.379224621257938944e+25
1.326171250309332766e+25
3.135322360737551442e+24
3.238741833394248300e+24
2.521010479816580943e+24
3.272648659451524323e+24
3.683034489170553381e+24
2.425775919311944046e+24
1.824910992400255071e+24
1.085315418313455164e+24
8.847466655826814100e+23
7.857885071083754876e+23
1.684372240142863297e+24
5.593221901822875912e+24
1.262786077912459469e+25
1.236208248100602555e+25
1.092347747038060768e+25
6.643555347405048958e+24
2.143608236592316493e+24
1.916523223549012118e+24
1.593899078932705663e+24
1.089020383432434094e+24
1.272601430348469853e+24
1.661386142927356739e+24
2.742879141306524175e+24
9.779279172787019518e+24
2.476031355901351852e+25
4.713029348074592781e+25
8.215218467263720736e+25
1.200083687965753736e+26
1.616701538694708861e+26
1.205460124554109983e+26
7.234307838281455154e+25
2.892003290774974931e+25
1.301442345119031709e+24
1.188642086847292459e+23
1.288726172945536673e+22
2.326491946950653542e+19
0.000000000000000000e+00
0.000000000000000000e+00
0.000000000000000000e+00
0.000000000000000000e+00
