0.000000000000000000e+00
1.991453724994594826e+22
3.650998495823423917e+22
4.978634312486487274e+22
7.633905945812613149e+22
8.961541762475677765e+22
1.244658578121621819e+23
1.692735666245405539e+23
4.381198194988108533e+23
3.252707750824505288e+23
3.269303198532793344e+23
6.970088037481081513e+23
9.608764223098920674e+23
1.812222889745081489e+24
2.632038006534522865e+24
2.582251663409658294e+24
3.008754669512667307e+24
4.147202382301243923e+24
5.104759715069478245e+24
4.469154067842036639e+24
4.150521471842901668e+24
3.763847540239784527e+24
3.206240497241297791e+24
2.602166200659604230e+24
2.963946960700288818e+24
2.811268841784036286e+24
2.721653424159279844e+24
2.557358491847225741e+24
2.587230297722144376e+24
2.373149022285225701e+24
2.557358491847225741e+24
2.325022223931189466e+24
1.878604680578234518e+24
1.671161584224630798e+24
2.354894029806108370e+24
1.628013420183081449e+24
9.973864072681263276e+23
9.758123252473515192e+23
1.110235451684486719e+24
1.228063130413333595e+24
1.443803950621081410e+24
1.666182949912144448e+24
1.875285591036576773e+24
1.618056151558108482e+24
1.677799763307946289e+24
1.847073329932486742e+24
1.911795575994811167e+24
2.125876851431730110e+24
2.361532208889423861e+24
2.062814150140234557e+24
2.115919582806757142e+24
2.233747261535603883e+24
3.498320376907171872e+24
6.832345821502289641e+24
7.760031348395604791e+24
6.975066671793568399e+24
3.385471332490811212e+24
2.296809962827099436e+24
1.130149988934432655e+24
1.204829503621729914e+24
1.442144405850252537e+24
1.126830899392774909e+24
7.766669527478920282e+23
7.368378782480001569e+23
9.160687134975137122e+23
1.015641399747243391e+24
6.173506547483244086e+23
1.095299548747027133e+24
4.281625508738378855e+23
4.580343567487568561e+23
1.873626046265747900e+24
1.810563344974252616e+24
2.462764439909982144e+24
2.394723104306000241e+24
2.334979492556162434e+24
1.858690143328288582e+24
9.260259821224866800e+23
1.822180158370054456e+24
8.861969076225946744e+23
1.354188532996324431e+24
1.473675756496000314e+24
2.300129052368757181e+24
1.553333905495784056e+24
1.825499247911711933e+24
2.227109082452288661e+24
4.002821987239135755e+24
4.779488939987027783e+24
5.058292461486270883e+24
4.032693793114054927e+24
4.391155463613081769e+24
1.692735666245405606e+24
8.961541762475676423e+23
8.563251017476757709e+23
1.095299548747027133e+23
0.000000000000000000e+00
0.000000000000000000e+00
0.000000000000000000e+00
0.000000000000000000e+00
0.000000000000000000e+00
0.000000000000000000e+00
