4.291066034147225992e+02
4.396600072252441009e+02
4.807592318156945339e+02
4.932900995571025646e+02
8.268078719389954756e+01
9.017482572210386138e+01
5.832440964592243660e+01
7.306737689609099107e+01
7.152298685189656169e+01
6.391653425490733298e+01
6.812909435792479940e+01
5.653443284667329749e+01
5.385993757970771156e+01
4.954822704645589226e+01
4.153333441923380320e+01
2.889754549228031522e+01
1.627315259658614721e+01
1.093221678140340103e+01
6.137270345838290453e+00
3.622216499254136579e+00
2.577812041261878573e+00
2.643358083417052473e+00
2.681945418116594926e+00
2.961596232419003716e+00
2.799593564608365615e+00
2.416087346985491102e+00
2.228099658579554276e+00
2.002579836467013763e+00
2.213356662122400564e+00
2.555943445124675861e+00
2.754857417608495229e+00
2.982710515588931077e+00
2.882797605446650646e+00
2.473065508349015396e+00
2.427529007323888433e+00
2.640202470885373298e+00
2.906765862903363473e+00
3.312003110042240461e+00
3.178274083865069599e+00
2.472531060818541793e+00
1.963069410443572638e+00
1.439743789346117353e+00
1.151350043847677362e+00
9.521032187850038131e-01
7.330630119017546020e-01
5.744658641023744350e-01
4.622144631650068058e-01
4.324887801337023996e-01
4.379877419011999895e-01
4.016964698310304671e-01
3.417970961902341842e-01
2.856923972021634395e-01
2.030646376740837533e-01
1.274600314759859188e-01
7.737191921276959095e-02
5.406014472196338932e-02
4.112206831430771647e-02
2.873014257518395967e-02
2.018952054757482129e-02
1.413896731000189450e-02
8.509325150682698832e-03
7.207482870367198750e-03
5.662856713641693449e-03
4.455147983273803972e-03
3.920934595359655724e-03
3.267713581478413377e-03
2.416309298212261040e-03
9.163735292550782971e-04
7.810722389112513021e-04
1.120219556609582199e-03
1.644272972523988215e-03
2.591495637074340847e-03
4.740070092993811310e-03
5.071136748248261487e-03
5.462362737638048853e-03
5.417921430312758538e-03
3.790253211519730922e-03
3.071879777309406527e-03
2.387667774097507883e-03
1.671285990318103782e-03
1.415930070583490148e-03
1.489739463048197349e-03
1.438807223495739774e-03
1.698613542556868866e-03
2.746740977971543277e-03
4.886274252445618575e-03
6.120649644772218831e-03
7.546447429240010253e-03
6.640892734613559889e-03
4.274426713918091751e-03
2.737966076072434474e-03
7.708767086462628556e-04
1.976186209254691809e-04
8.938675677116967027e-05
2.975572738435750953e-06
3.100360903251989555e-09
0.000000000000000000e+00
0.000000000000000000e+00
0.000000000000000000e+00
0.000000000000000000e+00
