5.307403852756427654e+01
5.782219474573828677e+01
9.402308167034054520e+01
1.121718630767529419e+02
1.004263190089324524e+02
1.521824472321144697e+02
1.529474578525111212e+02
2.701083109137586007e+02
3.367774138017763903e+02
3.619713330191959244e+02
4.501272341714709455e+02
4.856797748256961427e+02
5.604312995077690402e+02
5.686244510601388811e+02
5.356057756678021633e+02
4.237360246544157008e+02
2.767086544640966963e+02
2.059640555139788205e+02
1.315422506446173543e+02
8.847329553891195530e+01
7.303103464856562255e+01
8.502065511648468998e+01
9.491911482528738020e+01
1.140343802911551450e+02
1.147567838445505686e+02
1.078047831943202794e+02
1.080118035686104463e+02
1.074604347294802835e+02
1.287083740478954610e+02
1.603801539123361124e+02
1.841948765846304923e+02
2.135029589455346581e+02
2.177228804357826277e+02
1.976496146716937687e+02
2.077687870443376994e+02
2.466238207499427801e+02
2.878906546211988484e+02
3.429320910707218104e+02
3.429585525070335166e+02
2.801609037301429908e+02
2.341005963320136800e+02
1.830028546769865159e+02
1.553850715257445643e+02
1.337679850721305286e+02
1.076854121155693065e+02
8.942047376923599700e+01
7.689421092467848950e+01
7.514751998695216173e+01
7.952490225751418507e+01
7.653227407068048649e+01
6.802419507308212587e+01
5.870109017461511769e+01
4.325336097896355625e+01
2.834922728840806627e+01
1.808183988517523488e+01
1.326250232977440113e+01
1.050379890627730362e+01
7.588253616364592169e+00
5.540348706234298426e+00
4.062534901342015559e+00
2.568146176451749696e+00
2.243111499945850351e+00
1.832937530007215265e+00
1.547687569331087420e+00
1.390664913143010217e+00
1.187999435054243547e+00
9.027334241871974863e-01
3.600398375762032255e-01
3.192432307193238672e-01
4.897808782050456777e-01
7.495640789575431784e-01
1.217624325519553352e+00
2.307623932497245622e+00
2.526119809702697339e+00
2.782987600817103502e+00
2.831500780921282434e+00
2.061489719708453627e+00
1.707161012071204409e+00
1.376598247902609540e+00
9.997830406903476241e-01
8.905334882784096129e-01
9.620715683953980912e-01
9.635859259599596216e-01
1.178737391072740781e+00
2.003852193019489025e+00
3.687661345801720003e+00
4.710704485149933340e+00
5.937592231057312375e+00
5.313927354894636856e+00
3.496768661818393298e+00
2.279764499157742375e+00
6.598518514759054154e-01
1.752153788201086526e-01
8.068271660823916891e-02
2.743442304317405493e-03
2.937750900720211191e-06
0.000000000000000000e+00
0.000000000000000000e+00
0.000000000000000000e+00
0.000000000000000000e+00
