0.000000000000000000e+00
1.991453724994594826e+22
3.650998495823423917e+22
4.978634312486487274e+22
7.633905945812613149e+22
9.293450716641442241e+22
1.145085891871892140e+23
2.174003649785766210e+23
4.082480136238919498e+23
2.937394244367027525e+23
3.568021257281982379e+23
7.102851619147388646e+23
9.924077729556398437e+23
1.868647411953261550e+24
2.490976701014072443e+24
2.585570752951315503e+24
3.030328751533442116e+24
3.908227935301892695e+24
5.453264116943531851e+24
4.321454583238270726e+24
3.481724929198883145e+24
4.009460166322451246e+24
3.413683593594901512e+24
3.108327355762396986e+24
3.259345929907820107e+24
2.142472299140018300e+24
2.744887050950883525e+24
2.537443954597279805e+24
2.505912603951531760e+24
2.424594910180919145e+24
2.661909812409442037e+24
2.673526625805243609e+24
1.390698517954558826e+24
1.671161584224630798e+24
2.195577731806540885e+24
2.024644620411171559e+24
1.193212690225928073e+24
1.048832295163820039e+24
1.203169958850901041e+24
1.344231264371351463e+24
1.742522009370270445e+24
1.543376636870811089e+24
1.513504830995892185e+24
1.722607472120324510e+24
1.621375241099765959e+24
1.908476486453153422e+24
1.810563344974252616e+24
2.091026411244324588e+24
2.110940948494270524e+24
1.941667381869730071e+24
2.154089112535820141e+24
2.318384044847874244e+24
3.689168025552486866e+24
7.220679297876235118e+24
7.049746186480865524e+24
7.072979813272469742e+24
3.246069571741189663e+24
2.202215910889856107e+24
1.022279578830558747e+24
1.242999033350792912e+24
1.120192720309459687e+24
9.791314147890091304e+23
1.148404981413549718e+24
5.874788488734055051e+23
6.671369978731892478e+23
1.095299548747027133e+24
2.788035214992433008e+23
1.065427742872108230e+24
8.364105644977298352e+23
2.489317156243243637e+23
9.061114448725407443e+23
2.320043589618703117e+24
3.007095124741838434e+24
4.231839165613514284e+24
3.236112303116216963e+24
1.085342280122054165e+24
1.015641399747243391e+24
5.476497743735135666e+23
1.752479277995243413e+24
1.822180158370054456e+24
1.384060338871243335e+24
1.583205711370702960e+24
9.658550566223785513e+23
1.483633025120973282e+24
2.449488081743351699e+24
4.201967359738595112e+24
4.829275283111892354e+24
4.361283657738162597e+24
4.371240926363135834e+24
4.430984538112973641e+24
1.642949323120540767e+24
1.005684131122270423e+24
9.260259821224866800e+23
2.091026411244324588e+23
9.957268624972974129e+21
0.000000000000000000e+00
0.000000000000000000e+00
0.000000000000000000e+00
0.000000000000000000e+00
0.000000000000000000e+00
