5.155514140179977289e+01
5.641432467237724069e+01
9.204539665611147825e+01
1.096508390199851846e+02
1.008066457546906634e+02
1.300982248955873217e+02
1.464582646703911735e+02
2.596732441688734525e+02
3.263409146597882682e+02
3.633609957355615165e+02
4.507829853629006038e+02
4.618090811464438730e+02
5.067578837035198944e+02
5.596246132259349224e+02
5.075056652434298030e+02
4.542768975975122316e+02
3.454990065955402656e+02
2.527351975740019157e+02
1.981925109886250311e+02
1.413118087309623832e+02
1.300383255345394105e+02
1.363417816581420539e+02
1.391173320036795076e+02
1.452348389939490119e+02
1.429344974678832045e+02
1.410208525953473213e+02
1.435110364304201198e+02
1.524848744266665221e+02
1.812340288924728497e+02
2.000359317885526025e+02
2.242001239325284132e+02
2.901155309129678699e+02
3.259832034765193498e+02
3.207313318466405008e+02
3.301093431919138652e+02
3.782665658089268845e+02
3.917378260384195983e+02
5.366103309470464637e+02
5.574837905047269260e+02
5.064006061993321737e+02
4.822896603808312648e+02
3.724827164116810536e+02
3.404455834493742259e+02
2.651803023352715627e+02
2.089562580967687779e+02
1.642237517479213409e+02
1.414228467601311081e+02
1.365171997486109206e+02
1.434961488223231356e+02
1.211182515727517313e+02
1.002577045551836648e+02
8.238181577051732063e+01
5.292728163485016069e+01
4.112988103887761326e+01
2.845689318694179093e+01
2.093073309177987795e+01
1.486999613043710333e+01
1.063941945893348340e+01
7.346971453871416813e+00
3.660785609435454280e+00
3.095380827554411685e+00
2.789091577038904202e+00
2.660122161273814623e+00
3.211253581955959557e+00
2.824066530059764712e+00
2.381676052577059277e+00
2.637668201209500740e+00
2.173004723213481704e+00
2.256934133797536823e+00
3.754074645783214592e+00
4.139786749580363079e+00
4.356485470242510871e+00
4.735988796848300986e+00
3.764367916123987357e+00
2.972284824938605130e+00
2.549531797335694350e+00
2.778700092362793139e+00
3.050780112905183028e+00
3.634930678774373813e+00
3.925469674818831578e+00
3.797597591332777078e+00
3.077204144418046461e+00
3.579181862026691086e+00
3.876589673135909297e+00
5.827613780475702221e+00
8.909478738828719102e+00
8.945463664266254611e+00
1.135280946561147886e+01
1.000360964645398276e+01
6.740363116187155335e+00
5.308532274567453690e+00
1.929805329614594278e+00
5.235387536261963959e-01
2.356072696778608033e-01
5.582993602887533630e-02
1.754657306939398989e-04
0.000000000000000000e+00
0.000000000000000000e+00
0.000000000000000000e+00
0.000000000000000000e+00
