3.987499552888583594e+02
4.091229237282370264e+02
4.481112229162865219e+02
4.597647172353651968e+02
7.940762947162531304e+01
7.975221252973214803e+01
5.393177833428844536e+01
6.731164558198035763e+01
6.530747071879757470e+01
6.344830620773689134e+01
6.467553174554147688e+01
5.198061205519953631e+01
4.709859166721893331e+01
4.638514047403509011e+01
3.698510632879514048e+01
2.912184407321968749e+01
1.964740283871584126e+01
1.273383343343563823e+01
8.904119254875530132e+00
5.445442282355354102e+00
4.404814308929834610e+00
4.163062859735887855e+00
3.859964374355230099e+00
3.687970250079254164e+00
3.348838176515226639e+00
3.033087693574453514e+00
2.833469029638958414e+00
2.749200064105022712e+00
3.011969274520332362e+00
3.104697919157566766e+00
3.256611713084869741e+00
3.890970955148998822e+00
4.093368824691208552e+00
3.858215619743088354e+00
3.775344418366461507e+00
3.924568821531640328e+00
3.802741745566654785e+00
4.931580966425783252e+00
4.951094191330597027e+00
4.256031073416683519e+00
3.883579212254681501e+00
2.806053576769220737e+00
2.453630406040717471e+00
1.821122623755390801e+00
1.374423995954079825e+00
1.015909995240099395e+00
8.204293853332099706e-01
7.570634525867663278e-01
7.610103451130592056e-01
6.180373615078689209e-01
4.900122415919234142e-01
3.879962019039698284e-01
2.373625386711122054e-01
1.773739306775043156e-01
1.175358346267809523e-01
8.214563663953099171e-02
5.635477596622341656e-02
3.890781558429180775e-02
2.598399407174763892e-02
1.224161973955126444e-02
9.932191759520616475e-03
8.507895952563328257e-03
7.772505994595795345e-03
8.972608259354392102e-03
7.717296769569521181e-03
6.272697906997820420e-03
6.647024833716847804e-03
5.196769114696592022e-03
5.284862821622039047e-03
8.342524035917651265e-03
8.859966870137075609e-03
9.084241549151139336e-03
9.731907017708367469e-03
7.423696414546401140e-03
5.650197449533043634e-03
4.700844438667427932e-03
4.898221761946521847e-03
5.117576448370805310e-03
5.926289006862986257e-03
6.271624215538808972e-03
5.902705616886004363e-03
4.632051501138607918e-03
5.118655846960956830e-03
5.371440943488434844e-03
7.731939251645056528e-03
1.149680009375532788e-02
1.126898483669122944e-02
1.393051780108092545e-02
1.199407029045633684e-02
7.887358518350312889e-03
6.138170041946848857e-03
2.174115396467889670e-03
5.678880224030743041e-04
2.495542459479167395e-04
5.830360206457123323e-05
1.779648808499623649e-07
0.000000000000000000e+00
0.000000000000000000e+00
0.000000000000000000e+00
0.000000000000000000e+00
