0.000000000000000000e+00
0.000000000000000000e+00
1.188739346913984807e-03
1.188739346913984807e-03
1.222951362874180690e-03
2.082401006575575197e-02
2.748042686637264601e-02
1.131742188258634263e-01
1.302164384991673640e-01
1.417579426642967821e-01
1.618684652358526044e-01
8.755341900630755902e-02
3.859164257456971225e-01
3.390405799097897965e+00
8.801594873528276963e+00
8.978801832892685297e+00
1.042833362696327804e+01
7.808452199668040272e+00
3.622720447359445650e+00
4.371928912358000296e+00
4.435576010560531302e+00
3.961441203778955256e+00
3.961300049423839731e+00
3.061217722660873441e+00
1.587230856505129850e+00
1.323410826234456161e+00
1.452962386968866371e+00
1.631881267957052462e+00
1.057865541009100907e+00
9.564392739841086621e-01
5.575212505026714283e-01
1.916895477040694573e-01
1.860092933836474949e-01
1.707464037910874366e-01
1.793470133470696226e-01
2.268079309732185522e-01
1.777155022313909871e-01
3.156986585229481501e-01
5.093480058114039366e-01
7.325880206541058870e-01
1.171718046083266129e+00
1.134304600168332788e+00
1.162207786809228649e+00
9.474384852995410000e-01
5.971353059036734745e-01
4.368469362571802961e-01
2.212808847205404994e-01
8.140431558624948438e-02
1.385740039435859328e-02
0.000000000000000000e+00
0.000000000000000000e+00
0.000000000000000000e+00
0.000000000000000000e+00
0.000000000000000000e+00
0.000000000000000000e+00
0.000000000000000000e+00
0.000000000000000000e+00
0.000000000000000000e+00
0.000000000000000000e+00
0.000000000000000000e+00
0.000000000000000000e+00
0.000000000000000000e+00
0.000000000000000000e+00
7.729168285121121990e-05
9.798593063641419798e-02
3.217087813281221953e-01
4.759894124270362958e-01
8.169402611999126984e-01
1.266838986467247130e+00
1.549179606279307064e+00
2.342041135743596403e+00
2.601528615983100590e+00
2.586729459600361380e+00
4.135472034220835980e+00
5.884075183194978464e+00
5.913131733108113686e+00
5.621809608971149785e+00
3.747264278054123654e+00
1.024904024541458458e+00
4.247770670994518438e-01
1.770589781365864146e-01
0.000000000000000000e+00
0.000000000000000000e+00
0.000000000000000000e+00
0.000000000000000000e+00
0.000000000000000000e+00
0.000000000000000000e+00
0.000000000000000000e+00
0.000000000000000000e+00
0.000000000000000000e+00
0.000000000000000000e+00
0.000000000000000000e+00
0.000000000000000000e+00
0.000000000000000000e+00
0.000000000000000000e+00
0.000000000000000000e+00
0.000000000000000000e+00
0.000000000000000000e+00
0.000000000000000000e+00
0.000000000000000000e+00
