0.000000000000000000e+00
0.000000000000000000e+00
4.034902172387767827e+00
4.034902172387767827e+00
1.392228525683454166e+01
2.704154792583814171e+01
4.446557550131051073e+01
6.626423685598319935e+01
4.819344644601775940e+01
5.695774994577000427e+01
9.507760957355897347e+01
8.138000716493266395e+01
1.420760629541725280e+02
1.457281373272915062e+02
9.824080251041485212e+01
1.238298087485109420e+02
1.543425756659381420e+02
2.062698471159827989e+02
2.368860798382074790e+02
3.135646632739571373e+02
3.500067942512035870e+02
3.569300503268254943e+02
3.592312360231674120e+02
3.343490597968947782e+02
3.455967608054645552e+02
3.178360971994013084e+02
3.194165280492924239e+02
3.771691122107671390e+02
2.769209087648902710e+02
2.479299684376569530e+02
1.883645985185627865e+02
1.005553561527355839e+02
9.815568571349039928e+01
1.088006064023391701e+02
1.244957870380235931e+02
1.070699315888642218e+02
8.822397120510581203e+01
1.468614360113570001e+02
1.663664384081428125e+02
2.008003813379943665e+02
2.204935002859731128e+02
1.604865180564202944e+02
1.316058393777406934e+02
6.659663659540470348e+01
3.462363723451876041e+01
1.912057787130025233e+01
7.548206107524427111e+00
3.886102071551158055e+00
1.700009994686783321e-01
0.000000000000000000e+00
0.000000000000000000e+00
0.000000000000000000e+00
0.000000000000000000e+00
0.000000000000000000e+00
0.000000000000000000e+00
0.000000000000000000e+00
0.000000000000000000e+00
0.000000000000000000e+00
0.000000000000000000e+00
0.000000000000000000e+00
0.000000000000000000e+00
0.000000000000000000e+00
0.000000000000000000e+00
1.726669176041122911e-01
1.379197243191429401e+01
3.312589510576601270e+01
4.607994941986302706e+01
6.352928562431314674e+01
7.191976396124988469e+01
8.609397816574747253e+01
1.003717332609568444e+02
1.060139430612567679e+02
1.039333386080344752e+02
9.380727159272464633e+01
9.470250218303019096e+01
7.635315334407971477e+01
5.889250782924771244e+01
3.671918768202927197e+01
8.563785764844739745e+00
3.798741664625728376e+00
2.511581791301800148e-01
0.000000000000000000e+00
0.000000000000000000e+00
0.000000000000000000e+00
0.000000000000000000e+00
0.000000000000000000e+00
0.000000000000000000e+00
0.000000000000000000e+00
0.000000000000000000e+00
0.000000000000000000e+00
0.000000000000000000e+00
0.000000000000000000e+00
0.000000000000000000e+00
0.000000000000000000e+00
0.000000000000000000e+00
0.000000000000000000e+00
0.000000000000000000e+00
0.000000000000000000e+00
0.000000000000000000e+00
0.000000000000000000e+00
