0.000000000000000000e+00
1.659544770828829091e+22
2.987180587491892448e+22
4.646725358320721120e+22
7.301996991646847835e+22
9.625359670807208395e+22
1.244658578121621819e+23
1.775712904786847161e+23
4.381198194988108533e+23
3.335684989365946239e+23
3.319089541657658183e+23
6.621583635607027639e+23
9.409618850599461318e+23
1.626353875412252577e+24
2.542422588909765886e+24
2.575613484326342804e+24
3.116625079616540812e+24
3.806995704281334144e+24
4.922209790278306542e+24
5.157865147736001098e+24
4.274987329655063901e+24
3.974609726135045456e+24
3.662615309219225976e+24
3.343982713220090468e+24
3.353939981845063705e+24
2.646973909471982183e+24
3.010414214283496180e+24
2.300129052368757181e+24
2.411318552014288700e+24
2.349915395493622020e+24
2.008049172702883100e+24
1.911795575994811167e+24
1.792308352495135285e+24
1.918433755078126389e+24
2.127536396202558982e+24
1.229722675184162467e+24
7.700287736645766716e+23
1.083682735351225427e+24
1.078704101038738943e+24
1.364145801621297399e+24
1.554993450266612929e+24
1.631332509724738926e+24
1.755798367536901159e+24
1.739202919828612968e+24
1.652906591745513735e+24
1.573248442745729992e+24
1.553333905495784056e+24
2.155748657306649013e+24
2.320043589618703117e+24
2.127536396202558982e+24
2.550720312763910250e+24
2.359872664118594988e+24
3.232793213574559218e+24
6.060657503066884231e+24
7.141021148876451376e+24
6.203378353358162989e+24
3.304153638720198597e+24
1.163340884351009170e+24
1.194872234996756946e+24
1.198191324538414557e+24
1.400655786579531793e+24
9.558977879974055835e+23
1.025598668372216358e+24
1.015641399747243391e+24
7.169233409980542212e+23
8.164960272477838996e+23
1.234701309496648817e+24
4.879061626236757596e+23
7.368378782480001569e+23
1.025598668372216358e+24
1.453761219246054378e+24
1.666182949912144448e+24
3.637722137656793422e+24
4.839232551736866127e+24
4.195329180655280158e+24
2.132515030515045332e+24
1.023939123601387486e+24
1.065427742872108230e+24
1.712650203495351542e+24
2.051197336744432717e+24
1.812222889745081489e+24
1.642949323120540767e+24
1.553333905495784056e+24
1.891881038744865231e+24
2.310086320993730149e+24
3.445214944240649019e+24
4.142223747988757305e+24
4.311497314613298027e+24
4.301540045988324790e+24
3.504958555990486826e+24
1.254615846746594753e+24
1.184914966371783978e+24
4.082480136238919498e+23
2.987180587491892448e+22
0.000000000000000000e+00
0.000000000000000000e+00
0.000000000000000000e+00
0.000000000000000000e+00
0.000000000000000000e+00
0.000000000000000000e+00
