4.500173456928637279e+02
4.611339391757088038e+02
5.100022226451067127e+02
5.296945503621079752e+02
1.061900973677917932e+02
1.110579051664549723e+02
7.919018679921309456e+01
9.015876462678640735e+01
8.611555032833608436e+01
8.288590346614827808e+01
8.094006693948855968e+01
6.834582220420000453e+01
6.138423446087077906e+01
5.557327060890693815e+01
4.675393551188722085e+01
3.283441329743620685e+01
1.958252591057149772e+01
1.397932732405327094e+01
8.754682936474470267e+00
5.525566213452639097e+00
4.122990965432145494e+00
3.631991842218485811e+00
3.398802229380291973e+00
3.112907492388546693e+00
2.737748893648079385e+00
2.296473575658690702e+00
2.078976911592649301e+00
1.954879307746852035e+00
1.994554282906801035e+00
2.208046344485814050e+00
2.340778521364412335e+00
2.799441791655040479e+00
2.987247682386847458e+00
3.040387677463569638e+00
3.420788246606415228e+00
4.055414544082250217e+00
4.468874709297850245e+00
4.875335040025032818e+00
4.370158491776564347e+00
3.083249519855152165e+00
2.220315129230452378e+00
1.427484740057127555e+00
1.143650009494946662e+00
1.033435132965765835e+00
8.858955884355015353e-01
7.905346348819763946e-01
6.710290545673124329e-01
6.008749107846617088e-01
6.072331418179586215e-01
5.312218558116033051e-01
4.466050182208060049e-01
3.499191667128415117e-01
2.579376674424257443e-01
1.594436008656134884e-01
8.953016374480686490e-02
5.834703084956702895e-02
4.210102786742653258e-02
2.651564235790027785e-02
1.956065607023989641e-02
1.535536778872567502e-02
9.952802128751197380e-03
8.316973701098788474e-03
6.996857969259824735e-03
6.003246839600380816e-03
6.056398927400201068e-03
5.125293898788054782e-03
4.852756341765712689e-03
4.526389124778969729e-03
3.996299235903180702e-03
4.284299938820773819e-03
3.486479094229812115e-03
3.493662194363057142e-03
3.590790111999451334e-03
3.255922668035381422e-03
3.086211733156746413e-03
2.883190759746732425e-03
2.036916417935125470e-03
2.300819715236403912e-03
2.414874396871930732e-03
3.456933336241902084e-03
3.875248751781983862e-03
4.379230128201665011e-03
4.910431318072402442e-03
4.167160197612282922e-03
4.815630657132078350e-03
6.111702364366206584e-03
6.655061237880031087e-03
8.674753579739539686e-03
8.280147432498880314e-03
5.824586715764626041e-03
4.037320569603081340e-03
1.267886008379324764e-03
1.571082901498808612e-04
3.466662469040890159e-05
6.320375491588768217e-08
0.000000000000000000e+00
0.000000000000000000e+00
0.000000000000000000e+00
0.000000000000000000e+00
0.000000000000000000e+00
