4.800602130263035150e+01
5.294597060197638427e+01
9.521132828195882780e+01
1.232545643428648106e+02
1.328478813834821324e+02
1.761749028613801897e+02
1.967420132013141654e+02
3.161024279558372427e+02
3.962366819373018529e+02
4.449404633968271128e+02
5.187478141405196084e+02
5.623007929770620876e+02
6.175325805552249676e+02
6.198757731988166597e+02
5.856108491170546131e+02
4.718573776547982561e+02
3.258339662114810267e+02
2.580161067644533546e+02
1.821773880249617719e+02
1.316772766680512632e+02
1.119773234576528722e+02
1.104938268912332404e+02
1.139361798806121726e+02
1.136821334392457601e+02
1.082787670865183998e+02
9.840319397137331237e+01
9.830106291728063184e+01
1.009247124006310230e+02
1.111956625742041922e+02
1.319815061039033708e+02
1.512769427864401166e+02
1.953326543460684945e+02
2.199651848777746750e+02
2.369653441658436748e+02
2.853260946193236691e+02
3.671117855842670679e+02
4.254972251413813638e+02
4.846953596927356784e+02
4.523783865448563120e+02
3.355615193700612053e+02
2.532094798996232896e+02
1.749636059785630948e+02
1.500061844660459656e+02
1.422017838660559903e+02
1.263845706236433983e+02
1.192649521483597539e+02
1.073152351610130637e+02
1.011104941200987213e+02
1.059349904085313199e+02
9.734193219122718688e+01
8.557777135059865259e+01
6.953769061986545807e+01
5.300557226064635330e+01
3.423342819651489322e+01
2.017410477197445218e+01
1.369415386167827364e+01
1.031284814167741004e+01
6.789244519770028852e+00
5.224270077440174909e+00
4.247349738140100861e+00
2.901465175814696984e+00
2.516372992695684818e+00
2.231436978152983475e+00
1.980956576050622031e+00
2.083641279639852240e+00
1.814412349703636629e+00
1.804760072685870798e+00
1.728310168203253117e+00
1.601656352451904075e+00
1.758404018353181497e+00
1.497208810231190013e+00
1.540181060223712706e+00
1.665135422777952900e+00
1.554568131865103897e+00
1.521141354778581256e+00
1.457629641817582256e+00
1.079104460318520919e+00
1.266975843780492994e+00
1.382331415097450833e+00
2.055208814987540489e+00
2.351143925762545273e+00
2.745704364592075564e+00
3.163705990461985973e+00
2.772675748846234356e+00
3.319153314184177805e+00
4.402311640737995191e+00
4.938117884034075367e+00
6.614379858822652558e+00
6.431122895123650096e+00
4.610296061046500249e+00
3.240346189773283925e+00
1.038671573854914598e+00
1.335516996830247438e-01
3.007430177766293872e-02
5.635092176769023972e-05
0.000000000000000000e+00
0.000000000000000000e+00
0.000000000000000000e+00
0.000000000000000000e+00
0.000000000000000000e+00
