0.000000000000000000e+00
0.000000000000000000e+00
1.000000000000000000e+00
1.000000000000000000e+00
1.500000000000000000e+00
3.500000000000000000e+00
5.500000000000000000e+00
1.250000000000000000e+01
1.400000000000000000e+01
1.900000000000000000e+01
2.050000000000000000e+01
1.750000000000000000e+01
3.650000000000000000e+01
4.450000000000000000e+01
8.400000000000000000e+01
1.220000000000000000e+02
1.695000000000000000e+02
2.175000000000000000e+02
2.205000000000000000e+02
2.875000000000000000e+02
3.130000000000000000e+02
3.075000000000000000e+02
3.095000000000000000e+02
2.515000000000000000e+02
2.275000000000000000e+02
1.960000000000000000e+02
1.825000000000000000e+02
1.965000000000000000e+02
1.425000000000000000e+02
1.225000000000000000e+02
8.900000000000000000e+01
4.500000000000000000e+01
4.100000000000000000e+01
4.300000000000000000e+01
4.900000000000000000e+01
4.950000000000000000e+01
4.550000000000000000e+01
8.350000000000000000e+01
1.130000000000000000e+02
1.765000000000000000e+02
2.265000000000000000e+02
2.080000000000000000e+02
1.955000000000000000e+02
1.205000000000000000e+02
7.100000000000000000e+01
4.500000000000000000e+01
2.000000000000000000e+01
1.000000000000000000e+01
1.500000000000000000e+00
0.000000000000000000e+00
0.000000000000000000e+00
0.000000000000000000e+00
0.000000000000000000e+00
0.000000000000000000e+00
0.000000000000000000e+00
0.000000000000000000e+00
0.000000000000000000e+00
0.000000000000000000e+00
0.000000000000000000e+00
0.000000000000000000e+00
0.000000000000000000e+00
0.000000000000000000e+00
0.000000000000000000e+00
1.000000000000000000e+00
4.100000000000000000e+01
1.000000000000000000e+02
1.390000000000000000e+02
1.860000000000000000e+02
2.050000000000000000e+02
2.660000000000000000e+02
3.760000000000000000e+02
4.230000000000000000e+02
4.600000000000000000e+02
4.640000000000000000e+02
6.710000000000000000e+02
6.290000000000000000e+02
5.735000000000000000e+02
4.600000000000000000e+02
1.040000000000000000e+02
5.100000000000000000e+01
1.050000000000000000e+01
0.000000000000000000e+00
0.000000000000000000e+00
0.000000000000000000e+00
0.000000000000000000e+00
0.000000000000000000e+00
0.000000000000000000e+00
0.000000000000000000e+00
0.000000000000000000e+00
0.000000000000000000e+00
0.000000000000000000e+00
0.000000000000000000e+00
0.000000000000000000e+00
0.000000000000000000e+00
0.000000000000000000e+00
0.000000000000000000e+00
0.000000000000000000e+00
0.000000000000000000e+00
0.000000000000000000e+00
0.000000000000000000e+00
