0.000000000000000000e+00
1.659544770828829091e+22
2.987180587491892448e+22
4.646725358320721120e+22
7.301996991646847835e+22
9.625359670807208395e+22
1.244658578121621819e+23
1.974858277286306518e+23
4.447579985821262099e+23
2.937394244367027525e+23
3.518234914157117540e+23
6.853919903523064450e+23
9.094305344141983555e+23
1.808903800203423743e+24
2.403020828160144605e+24
2.663569357180270910e+24
2.922458341429568074e+24
3.672572577844198675e+24
5.134631520944396880e+24
5.101440625527820500e+24
3.629424413802649059e+24
3.969631091822559375e+24
4.190350546342793540e+24
3.617807600406847486e+24
3.378833153407496258e+24
2.434552178805892381e+24
2.715015245075964353e+24
2.409659007243459827e+24
2.303448141910414658e+24
2.301788597139586054e+24
2.210513634744000202e+24
2.326681768702018339e+24
1.407293965662847016e+24
1.935029202786414580e+24
2.042899612890288622e+24
1.739202919828612968e+24
1.100278183059513617e+24
1.073725466726252459e+24
1.101937727830342490e+24
1.447123040162738887e+24
1.983156001140450815e+24
1.476994846037657791e+24
1.613077517245621863e+24
1.571588897974901119e+24
1.501888017600090345e+24
1.596482069537333673e+24
2.162386836389964236e+24
1.978177366827964196e+24
2.225449537681459788e+24
2.076090508306865271e+24
1.820520613599225584e+24
2.225449537681459788e+24
3.027009661991784370e+24
6.437374166045027599e+24
6.986683485189370508e+24
5.690579019172055280e+24
3.035307385845928197e+24
2.032942344265315654e+24
1.488611659433459631e+24
6.621583635607027639e+23
1.091980459205369522e+24
8.198151167894415108e+23
4.580343567487568561e+23
1.025598668372216358e+24
8.463678331227028031e+23
6.239888338316397652e+23
6.604988187898740254e+23
8.264532958727568674e+23
9.061114448725407443e+23
2.588889842492973316e+23
1.951624650494703038e+24
2.907522438492108756e+24
3.843505689239568270e+24
6.044062055358595504e+24
4.055927419905658071e+24
2.874331543075531839e+24
1.513504830995892185e+24
8.563251017476757709e+23
1.254615846746594753e+24
1.433846681996108442e+24
1.503547562370919217e+24
1.822180158370054456e+24
1.364145801621297399e+24
1.294444921246486624e+24
2.250342709243892342e+24
3.584616704990270569e+24
4.012779255864108455e+24
3.833548420614595033e+24
4.470813612612865512e+24
3.335684989365946642e+24
1.553333905495784056e+24
9.459405193724326157e+23
7.965814899978379639e+23
1.692735666245405539e+23
0.000000000000000000e+00
0.000000000000000000e+00
0.000000000000000000e+00
0.000000000000000000e+00
0.000000000000000000e+00
0.000000000000000000e+00
