4.310664853741652678e+02
4.416602271410342269e+02
4.880733826943441045e+02
5.061653614505565884e+02
1.003973106761497860e+02
1.051186569470419556e+02
7.315721116068165486e+01
8.039238147806119628e+01
7.520104356373708754e+01
6.946505273308183348e+01
7.008410216249224334e+01
6.157018450141682564e+01
5.413763053910665235e+01
5.531856276686837504e+01
4.657264815095588517e+01
3.569833215809622828e+01
2.590555454914145983e+01
1.659694224589818035e+01
1.177729423301004807e+01
7.104699900126854040e+00
5.434927674824511001e+00
4.969209255347063703e+00
4.406627308965345158e+00
3.881383511295786182e+00
3.277314848356795540e+00
2.838644896588584210e+00
2.543577961391904729e+00
2.633566897601933299e+00
3.098513496808374956e+00
3.327760218478427845e+00
4.020830012668391795e+00
4.361402833933095913e+00
4.166829702651571488e+00
3.963161237121531677e+00
3.219118063368399785e+00
3.433598760087803292e+00
3.652098324727599543e+00
4.612598483411644246e+00
4.694554752873722592e+00
3.631412498151482815e+00
2.774907707756227637e+00
1.675565676202779963e+00
1.446708484092321223e+00
1.438524954341926509e+00
1.351013578615912314e+00
1.138162492339696685e+00
8.449286861605178611e-01
6.366298977194850828e-01
5.695047999261307892e-01
4.411570078492316194e-01
3.409819626929829206e-01
2.806016346109818094e-01
2.193934338970858211e-01
1.430850311300260747e-01
9.978382603521772365e-02
6.568829786188222497e-02
4.569542588553669737e-02
3.147527232016093801e-02
2.136778587851733205e-02
1.114534256318714528e-02
8.787344645307913760e-03
8.049733721504000530e-03
6.507394605949478640e-03
5.238010156183119798e-03
3.623058210614765826e-03
3.869086399823662339e-03
3.432028087365323905e-03
4.292428269724687939e-03
4.445404577980811671e-03
4.444975003295879509e-03
5.261269959122823539e-03
5.627881899652742437e-03
6.405649433122355060e-03
5.609504104048109938e-03
4.377367004510407736e-03
3.057049266719991630e-03
1.846582826454950957e-03
1.780013983671168819e-03
3.160384255393202703e-03
4.293696049463502362e-03
4.482085826632904724e-03
4.288622795529771145e-03
3.758186473220766124e-03
4.238422727279961451e-03
6.748133393161921331e-03
8.402486800847997969e-03
1.015106418657780486e-02
1.080581286884954410e-02
8.631193948399160099e-03
7.011737463796602343e-03
4.310571165109379314e-03
1.631985828578236914e-03
9.062689115788800931e-04
3.818525372665619306e-04
2.390617514285929264e-05
1.403197088137387139e-08
0.000000000000000000e+00
0.000000000000000000e+00
0.000000000000000000e+00
0.000000000000000000e+00
