4.684524949960785989e+01
5.169929978003155213e+01
9.330367674966524305e+01
1.198393162629165545e+02
1.298978984956424085e+02
1.741939986734556669e+02
1.891157179141111726e+02
2.906969655092370886e+02
3.623230382405118917e+02
3.876384559148779090e+02
4.724260076397952162e+02
5.323523548880333465e+02
5.697561627657412373e+02
6.546749571366600549e+02
6.205583936113240497e+02
5.473539839809021714e+02
4.440718218199139642e+02
3.202481453097621511e+02
2.539620375746279137e+02
1.772445878159880976e+02
1.548493608988922290e+02
1.553657179344712631e+02
1.521967490457911936e+02
1.462738705930132426e+02
1.348030419920753218e+02
1.269183419069421461e+02
1.251791967601989342e+02
1.424441928367398020e+02
1.823998851732368109e+02
2.074997841532656935e+02
2.707769029568058272e+02
3.129665220661121339e+02
3.178344229143702364e+02
3.158663233926236558e+02
2.733316081617804798e+02
3.207446542439362247e+02
3.645815213615680364e+02
4.854506247661169596e+02
5.098274840526565299e+02
4.114264721300552310e+02
3.258789309242187073e+02
2.140447161236084241e+02
1.992006443648317031e+02
2.070559903353172615e+02
2.000383685230504227e+02
1.773766616963839056e+02
1.390888230917004194e+02
1.105304091422268300e+02
1.025258040613331332e+02
8.378248170357358049e+01
6.787932739692671191e+01
5.823537195157704360e+01
4.708051163439379394e+01
3.209626853636076049e+01
2.332742163325241336e+01
1.619680759821564919e+01
1.171034821938231474e+01
8.325474964825881230e+00
5.868812201073689394e+00
3.240804234930634298e+00
2.686994953168090561e+00
2.545053713816404439e+00
2.145080407428662461e+00
1.776986818507770183e+00
1.277723547516245617e+00
1.440036196915292610e+00
1.332371810676965085e+00
1.721014592061719028e+00
1.819733568293053549e+00
1.915887530217362356e+00
2.357600517354613512e+00
2.630835857357735730e+00
3.062593591264045845e+00
2.754282594724656530e+00
2.207201944482914957e+00
1.597262673208590389e+00
1.002107214583643602e+00
1.018783382945262384e+00
1.910825629307786766e+00
2.669210163759217824e+00
2.810326787646836078e+00
2.733711344093530116e+00
2.521021599046961104e+00
3.010013349222977919e+00
4.937058699182581556e+00
6.271103225553114946e+00
7.803174950689027334e+00
8.551296800950218824e+00
6.984981628206838877e+00
5.779092728300223136e+00
3.644189943453106650e+00
1.427425693437663234e+00
8.084764970254808558e-01
3.471603012965211454e-01
2.209305384079946616e-02
1.347311944094874553e-05
0.000000000000000000e+00
0.000000000000000000e+00
0.000000000000000000e+00
0.000000000000000000e+00
