0.000000000000000000e+00
2.359858894620255375e+23
2.359858894620255375e+23
3.539788341930382894e+23
1.533908281503166010e+24
3.185809507737344605e+24
3.657781286661396015e+24
5.781654291819625752e+24
6.489611960205702330e+24
9.557428523212034888e+24
1.262524508621836637e+25
2.324461011200951505e+25
3.162210918791142195e+25
5.227087451583865908e+25
6.194629598378170709e+25
8.259506131170893133e+25
9.628224290050641472e+25
1.031258336949051564e+26
9.439435578481022196e+25
9.463034167427223747e+25
8.365699781428805264e+25
6.890787972291145653e+25
6.690199966248423884e+25
5.911446531023740077e+25
4.802312850552219961e+25
3.409996102726269213e+25
2.890827145909812768e+25
1.640101931761077551e+25
1.474911809137659611e+25
1.262524508621836637e+25
1.675499815180381380e+25
1.262524508621836637e+25
2.064876532792723283e+25
2.241865949889242643e+25
2.619443373028483342e+25
2.820031379071205111e+25
4.519129783197789329e+25
4.318541777155067560e+25
4.448334016359181242e+25
4.542728372143991739e+25
4.625323433455700601e+25
3.445393986145572827e+25
3.421795397199370417e+25
4.200548832424054654e+25
4.389337543993674789e+25
4.271344599262661882e+25
4.861309322917726414e+25
4.672520611348105420e+25
3.728577053500003458e+25
3.952763648488928066e+25
4.873108617390827189e+25
8.731477910094944758e+25
1.371078017774368322e+26
1.844229726145729509e+26
2.127412793500160141e+26
2.058976885556172896e+26
1.611783625025634273e+26
1.055446890618909184e+26
5.350980043551429202e+25
1.539807928739716666e+25
6.784594322033234596e+24
8.849470854825957235e+23
0.000000000000000000e+00
0.000000000000000000e+00
0.000000000000000000e+00
0.000000000000000000e+00
0.000000000000000000e+00
0.000000000000000000e+00
0.000000000000000000e+00
0.000000000000000000e+00
0.000000000000000000e+00
0.000000000000000000e+00
0.000000000000000000e+00
0.000000000000000000e+00
0.000000000000000000e+00
0.000000000000000000e+00
0.000000000000000000e+00
0.000000000000000000e+00
0.000000000000000000e+00
0.000000000000000000e+00
0.000000000000000000e+00
0.000000000000000000e+00
0.000000000000000000e+00
0.000000000000000000e+00
0.000000000000000000e+00
0.000000000000000000e+00
0.000000000000000000e+00
0.000000000000000000e+00
0.000000000000000000e+00
0.000000000000000000e+00
0.000000000000000000e+00
0.000000000000000000e+00
0.000000000000000000e+00
0.000000000000000000e+00
0.000000000000000000e+00
0.000000000000000000e+00
0.000000000000000000e+00
0.000000000000000000e+00
0.000000000000000000e+00
0.000000000000000000e+00
