0.000000000000000000e+00
0.000000000000000000e+00
1.948745159122553720e-04
2.025370993424782835e-04
3.201171474990360680e-04
1.062917761427364331e-03
1.023989014335224086e-03
1.514402827301720164e-03
2.270158301508901598e-03
1.871940241037231296e-03
3.739560636530365745e-01
4.379245777250019844e-01
2.940291176088021707e+00
3.087640444379135651e+00
6.417340979197123652e+00
7.628684626698247762e+00
6.432841167284467865e+00
6.612682355566510850e+00
3.010781119171198394e+00
2.007020362269146485e+00
1.364951240280943612e+00
1.163329641310043572e+00
1.150350285499561975e+00
1.333146314811849420e+00
6.820505307528768046e-01
5.561481631349176613e-01
4.964881183244855833e-01
8.277637844504076581e-02
6.889362574834748121e-02
1.333899432318488842e-01
2.267350661353228214e-01
1.931277378636911679e-01
2.661818973068857952e-01
3.921573819322704546e-01
4.273705661250208898e-01
4.931270175190585192e-01
6.174182035640044530e-01
5.141846402146950101e-01
3.800199607197530804e-01
4.448694028906666209e-01
2.906555660248701378e-01
2.190182372227920116e-01
2.138064584853138772e-01
9.067428059302576338e-02
1.256198767976249575e-01
1.752009630306655130e-01
2.215524606971871202e-01
2.570687631572888820e-01
2.191483500258706307e-01
2.312153987783716058e-01
2.645661358068005509e-01
5.046111069830481188e-01
5.593635843854013467e-01
4.962830749077457027e-01
4.140164973114842661e-01
1.306125532973703429e-01
4.542833296731520198e-02
3.270876761320861553e-02
1.869129466814097029e-02
1.153380714454259673e-02
1.460042649031398007e-03
0.000000000000000000e+00
0.000000000000000000e+00
0.000000000000000000e+00
0.000000000000000000e+00
0.000000000000000000e+00
0.000000000000000000e+00
0.000000000000000000e+00
0.000000000000000000e+00
0.000000000000000000e+00
0.000000000000000000e+00
0.000000000000000000e+00
0.000000000000000000e+00
0.000000000000000000e+00
0.000000000000000000e+00
0.000000000000000000e+00
0.000000000000000000e+00
0.000000000000000000e+00
0.000000000000000000e+00
0.000000000000000000e+00
0.000000000000000000e+00
0.000000000000000000e+00
0.000000000000000000e+00
0.000000000000000000e+00
0.000000000000000000e+00
0.000000000000000000e+00
0.000000000000000000e+00
0.000000000000000000e+00
0.000000000000000000e+00
0.000000000000000000e+00
0.000000000000000000e+00
0.000000000000000000e+00
0.000000000000000000e+00
0.000000000000000000e+00
0.000000000000000000e+00
0.000000000000000000e+00
0.000000000000000000e+00
0.000000000000000000e+00
0.000000000000000000e+00
0.000000000000000000e+00
