0.000000000000000000e+00
0.000000000000000000e+00
2.752131144701542523e-03
2.811062885481377480e-03
1.130421980080636296e-02
6.136817585871976594e-02
6.603506908192788294e-02
1.224298587360602708e-01
1.367223535393182476e-01
9.187253239946775729e-02
1.751887766615486397e+00
6.423804315402638743e+00
6.753635896868265043e+00
6.893321114946187933e+00
5.645086310618476766e+00
1.296605212192164069e+00
1.406381670408600071e+00
1.770619069916095523e+00
1.606828683475985731e+00
1.342131540043842275e+00
1.033544756943545417e+00
6.434801713810125445e-01
4.815984014368367427e-01
5.841056742088530651e-01
4.616079860438736526e-01
3.443270613997444496e-01
2.840326136598249063e-01
9.222840534071043150e-02
7.366064911761799339e-02
1.047348071811937953e-01
8.093139787087508252e-02
8.367936098813086310e-02
8.338168670621982914e-02
1.314767379033068284e-01
1.717323229620132952e-01
1.812983201525928956e-01
2.353818169483477829e-01
2.919356811575346544e-01
2.686871945682740015e-01
2.803357851782593557e-01
2.433644461634171807e-01
1.629040487998196229e-01
1.896323016354006796e-01
1.963405851367867050e-01
2.451233179680564478e-01
2.398969342197116439e-01
2.703324726391677091e-01
2.692772004569753408e-01
2.604799844974748924e-01
2.745466860771341167e-01
2.440876181607149475e-01
5.070649142673647747e-01
8.305292622427280502e-01
1.572929995000910797e+00
2.256915182980756107e+00
2.064441242056599624e+00
1.771385524728114502e+00
1.033480853083813544e+00
2.963544024742098548e-01
1.703403922782032731e-01
7.039029734828150531e-02
0.000000000000000000e+00
0.000000000000000000e+00
0.000000000000000000e+00
0.000000000000000000e+00
0.000000000000000000e+00
0.000000000000000000e+00
0.000000000000000000e+00
0.000000000000000000e+00
0.000000000000000000e+00
0.000000000000000000e+00
0.000000000000000000e+00
0.000000000000000000e+00
0.000000000000000000e+00
0.000000000000000000e+00
0.000000000000000000e+00
0.000000000000000000e+00
0.000000000000000000e+00
0.000000000000000000e+00
0.000000000000000000e+00
0.000000000000000000e+00
0.000000000000000000e+00
0.000000000000000000e+00
0.000000000000000000e+00
0.000000000000000000e+00
0.000000000000000000e+00
0.000000000000000000e+00
0.000000000000000000e+00
0.000000000000000000e+00
0.000000000000000000e+00
0.000000000000000000e+00
0.000000000000000000e+00
0.000000000000000000e+00
0.000000000000000000e+00
0.000000000000000000e+00
0.000000000000000000e+00
0.000000000000000000e+00
0.000000000000000000e+00
0.000000000000000000e+00
0.000000000000000000e+00
