0.000000000000000000e+00
1.659544770828829091e+22
2.987180587491892448e+22
4.646725358320721120e+22
7.301996991646847835e+22
9.293450716641442241e+22
1.277849473538198434e+23
1.775712904786847161e+23
4.646725358320721456e+23
2.970585139783603973e+23
3.385471332490811078e+23
6.853919903523064450e+23
9.326641612058019024e+23
1.717628837807838160e+24
2.379787201368540924e+24
2.675186170576072482e+24
2.907522438492108756e+24
3.787081167031388208e+24
5.058292461486270883e+24
5.005187028819748030e+24
4.148861927072072796e+24
4.203626904509423985e+24
3.913206569614378776e+24
3.504958555990486826e+24
3.309132273032685215e+24
2.650292999013639928e+24
2.527486685972306569e+24
2.655271633326126546e+24
2.323362679160360594e+24
2.198896821348198630e+24
1.989794180223766037e+24
2.047878247202774971e+24
1.618056151558108482e+24
1.691076121474576733e+24
2.454466716055838317e+24
1.299423555558973242e+24
8.712610046851352227e+23
1.100278183059513617e+24
1.023939123601387486e+24
1.306061734642288465e+24
1.563291174120757024e+24
1.573248442745729992e+24
1.788989262953477808e+24
1.737543375057784096e+24
1.800606076349279648e+24
1.435506226766937047e+24
2.001410993619567878e+24
2.119238672348414619e+24
2.059495060598576812e+24
2.177322739327423822e+24
2.373149022285225701e+24
2.348255850722793148e+24
3.227814579262072600e+24
5.864831220109081546e+24
7.039788917855893362e+24
6.248186062170541479e+24
3.516575369386288935e+24
1.472016211725171441e+24
1.377422159787928112e+24
9.260259821224866800e+23
1.161681339580180297e+24
7.700287736645766716e+23
8.662823703726487388e+23
8.264532958727568674e+23
9.807909595598380031e+23
1.249637212434108403e+24
1.015641399747243391e+24
1.035555936997189326e+24
2.688462528742702994e+23
6.970088037481081513e+23
8.861969076225946744e+23
2.389744469993513892e+24
3.948057009801784566e+24
5.179439229756775370e+24
3.919844748697694267e+24
1.679459308078775161e+24
1.330954906204721019e+24
1.188234055913441589e+24
2.449488081743351699e+24
9.260259821224866800e+23
1.403974876121189270e+24
2.280214515118811245e+24
1.493590293745946249e+24
2.120898217119243492e+24
2.409659007243459827e+24
3.514915824615460063e+24
3.962992912739243884e+24
4.082480136238919498e+24
4.251753702863460219e+24
3.355599526615892577e+24
1.384060338871243335e+24
1.065427742872108230e+24
5.874788488734055051e+23
1.095299548747027133e+23
0.000000000000000000e+00
0.000000000000000000e+00
0.000000000000000000e+00
0.000000000000000000e+00
0.000000000000000000e+00
0.000000000000000000e+00
