4.746806071322185971e+01
5.237131793709426120e+01
9.431955408143971908e+01
1.219228912488933076e+02
1.311945946572869275e+02
1.736396840822550303e+02
1.946888409940555391e+02
3.086056860104188786e+02
3.795163563331083765e+02
4.224082918359030714e+02
4.984862220366518386e+02
5.511311823515848118e+02
6.111087004888182719e+02
6.721678532109491471e+02
6.258712921342905702e+02
5.369588128314223923e+02
4.102190041279823163e+02
2.955141206171246040e+02
2.392595963327175070e+02
1.743399381707838245e+02
1.436274255264094961e+02
1.320753781777891049e+02
1.260086280194853714e+02
1.166863079246013228e+02
1.072946804741784064e+02
1.015178989271608714e+02
9.318744633981845027e+01
9.131116636551561783e+01
1.166805419328015461e+02
1.417564005568129630e+02
1.843996251310155401e+02
2.358546195413730686e+02
2.444503203731777319e+02
2.605004552263242772e+02
2.864340305522972585e+02
3.635359890643603080e+02
4.204730995470375774e+02
5.221893674349742014e+02
5.239821000236871669e+02
4.075770874305760572e+02
3.348832970335912478e+02
2.359305101415876322e+02
2.112573570396767479e+02
2.267383013952811552e+02
2.153659367182447113e+02
1.974982545322330338e+02
1.729164898491168003e+02
1.407608161385401786e+02
1.420420509849224686e+02
1.202443118313944552e+02
9.419263454686240777e+01
8.279893980238141182e+01
6.027665435415880069e+01
4.179651047510288464e+01
2.924267724185228445e+01
1.943714574321388966e+01
1.629847478506031067e+01
1.222325421693030734e+01
8.252630790001525440e+00
5.635028774061239254e+00
2.784397755487769466e+00
2.516175034168746549e+00
2.366828545891445312e+00
2.206538515598461370e+00
2.449393561676100450e+00
2.346554623115121085e+00
2.423798423269682978e+00
2.220317963354719204e+00
2.118311035639544926e+00
2.097510370961927606e+00
2.378100152412268020e+00
3.021002735442579912e+00
4.365643170243077797e+00
4.212587879709521310e+00
4.185228501863829109e+00
4.080506171000388704e+00
3.213021368349548101e+00
3.518449773110678969e+00
3.357558777637104974e+00
3.191522483561096468e+00
3.172995442990184323e+00
3.459303178000697532e+00
3.835276660962635198e+00
4.704961348206535554e+00
5.621221215966786033e+00
6.420758298461845648e+00
6.936846945109795826e+00
7.604531526295369659e+00
6.219786272690543072e+00
4.537498157393356379e+00
3.020014490190581213e+00
6.795232077997002129e-01
1.588488712246674817e-01
6.037022570951765948e-02
3.913396075260103761e-05
5.657000419903654288e-13
0.000000000000000000e+00
0.000000000000000000e+00
0.000000000000000000e+00
0.000000000000000000e+00
