4.426600116556641638e+02
4.535694597104914010e+02
5.014246823043504833e+02
5.205647155409338893e+02
1.037144141945395006e+02
1.082204631144352049e+02
7.704729429552543252e+01
8.664268646255914064e+01
8.126542118802497328e+01
7.761018173079914106e+01
7.601143435634682533e+01
6.515072321653157417e+01
5.943029438998076586e+01
5.805684692654142509e+01
4.853714129141598477e+01
3.627142803387668124e+01
2.444076199425296281e+01
1.558817151624782937e+01
1.139289389963462185e+01
7.156925340167784810e+00
5.204374873361076403e+00
4.371494281931690651e+00
3.783349828650628854e+00
3.140185417095898046e+00
2.663056697808485307e+00
2.345875351856804514e+00
1.974898766902554614e+00
1.744779869370012504e+00
2.028672955514837284e+00
2.305185725542783004e+00
2.792086202879178192e+00
3.340367000373330342e+00
3.274389812524071797e+00
3.305633980787814341e+00
3.393234126931396144e+00
3.947586417945900372e+00
4.349908567199309850e+00
5.123670929782671024e+00
4.935414892018435751e+00
3.669130355564458323e+00
2.897420377161095129e+00
1.893820740042090334e+00
1.569091451386653402e+00
1.610141663064805995e+00
1.484113243413845318e+00
1.293298540963780940e+00
1.070734184474918305e+00
8.281679064695770531e-01
8.052643449446258428e-01
6.511121196875369055e-01
4.848340034110588670e-01
4.108576336407371299e-01
2.875687920010878695e-01
1.913970965657494083e-01
1.281470584255838263e-01
8.069237108983633167e-02
6.477876550637423625e-02
4.717786472363488803e-02
3.081292546692197820e-02
2.026894745429681441e-02
9.427581650977436001e-03
8.112684574682322777e-03
7.354363193484027457e-03
6.521638965550319127e-03
7.019314981344993570e-03
6.457227131577789742e-03
6.465204471257447565e-03
5.728866253727793109e-03
5.251500837391049822e-03
5.013695226317328030e-03
5.404001838783078007e-03
6.627513570230297683e-03
9.170757396663377359e-03
8.713405106258249183e-03
8.409365463875660349e-03
7.932741354750024593e-03
5.929368394592007471e-03
6.358923900851147851e-03
5.900814276960660021e-03
5.407424520945069285e-03
5.169107341411680219e-03
5.448069966398322306e-03
5.853658677278260683e-03
6.916740024686927196e-03
7.973601370259635751e-03
8.852221460110634016e-03
9.322801922869295224e-03
9.870915994064472301e-03
7.896593266993977636e-03
5.658456613324349717e-03
3.712728004016848261e-03
8.105519724290997669e-04
1.828916575863792778e-04
6.825441533310211276e-05
4.312533139974010693e-08
6.087274408711142491e-16
0.000000000000000000e+00
0.000000000000000000e+00
0.000000000000000000e+00
0.000000000000000000e+00
