6.727430555555555507e-05
1.019965277777777840e-04
1.562500000000000033e-04
2.929687499999999892e-04
4.210069444444444449e-04
5.447048611111111492e-04
8.767361111111111188e-04
1.260850694444444432e-03
1.497395833333333435e-03
1.851128472222222324e-03
2.510850694444444458e-03
3.656684027777777797e-03
5.978732638888888465e-03
8.962673611111110494e-03
1.144531250000000062e-02
1.414713541666666637e-02
1.702690972222222279e-02
2.083550347222222140e-02
2.259765625000000056e-02
2.311414930555555705e-02
2.300564236111110952e-02
2.081597222222222182e-02
2.025824652777777693e-02
1.900824652777777929e-02
1.704861111111111160e-02
1.514973958333333363e-02
1.343098958333333384e-02
1.265842013888888833e-02
1.209201388888888826e-02
1.206380208333333350e-02
1.138888888888888937e-02
1.035156249999999965e-02
1.044704861111111181e-02
9.689670138888889159e-03
9.014756944444445030e-03
8.678385416666666713e-03
6.920572916666666886e-03
6.087239583333333391e-03
7.020399305555555768e-03
7.714843750000000347e-03
8.148871527777778317e-03
8.684895833333332663e-03
8.205295138888889575e-03
7.769097222222222376e-03
8.799913194444444406e-03
9.253472222222221960e-03
9.724392361111111605e-03
1.101996527777777783e-02
1.085069444444444406e-02
1.066623263888888916e-02
1.099175347222222307e-02
1.445746527777777742e-02
2.077039930555555497e-02
2.726562500000000167e-02
2.988498263888889062e-02
2.675564236111110938e-02
1.972005208333333162e-02
1.214409722222222279e-02
7.849392361111111674e-03
5.824652777777777554e-03
4.650607638888889020e-03
4.388020833333333183e-03
4.505208333333333287e-03
3.854166666666666765e-03
3.984375000000000069e-03
3.789062499999999896e-03
3.268229166666666678e-03
3.763020833333333495e-03
4.066840277777777728e-03
6.449652777777778109e-03
9.835069444444444892e-03
1.555121527777777839e-02
2.174479166666666574e-02
2.227430555555555414e-02
2.120659722222222390e-02
1.573784722222222252e-02
9.370659722222222932e-03
7.499999999999999722e-03
6.197916666666666678e-03
6.966145833333333738e-03
8.020833333333332940e-03
7.434895833333333287e-03
8.098958333333333010e-03
9.674479166666666297e-03
1.300781250000000028e-02
1.682291666666666657e-02
1.988281249999999944e-02
2.134114583333333176e-02
1.872395833333333204e-02
1.511718750000000042e-02
1.097656250000000021e-02
6.250000000000000347e-03
3.554687500000000121e-03
2.005208333333333235e-03
5.598958333333333608e-04
3.906250000000000081e-05
0.000000000000000000e+00
0.000000000000000000e+00
0.000000000000000000e+00
0.000000000000000000e+00
