1.917395880791811484e+25
1.672543932618498887e+25
3.289715863762911607e+25
6.762449497818280974e+25
5.519052193877186475e+25
8.378625300355475048e+25
1.267365509959311087e+26
2.801621902437431169e+26
4.147037222021461456e+26
5.484900825949700497e+26
9.066925561742817622e+26
1.487962472006864709e+27
2.603775449786590268e+27
4.485064296614441359e+27
5.428947887913518339e+27
5.918915743461207790e+27
5.779555164333021893e+27
5.100303101516956184e+27
4.386696260714831904e+27
3.131527722608034519e+27
2.723009427925054641e+27
2.472050050980173561e+27
2.356744984107246879e+27
2.125270299911596266e+27
1.756685678537966857e+27
1.469721072339916339e+27
1.285125486053959123e+27
1.378255132076605622e+27
1.685887387368138204e+27
1.913406374876944371e+27
2.357210333313755965e+27
2.476333631742302267e+27
2.538048463898969075e+27
2.339471084877249314e+27
1.883428951599290658e+27
2.127667325671423393e+27
1.928599568932157730e+27
2.258763822215188650e+27
2.735838281635359234e+27
2.426189562611218640e+27
2.029827432081134863e+27
1.420935906715344363e+27
1.249367802478721199e+27
1.229599617734883850e+27
1.345541371649690709e+27
1.254603706630454978e+27
1.033856040365127809e+27
9.310379152669876355e+26
8.503467995899495313e+26
6.830769581520229829e+26
5.703085378374639802e+26
6.435530831352118559e+26
7.474658976944432476e+26
6.689218248782002058e+26
5.328747116553316654e+26
3.312456388209798702e+26
1.765156558833473375e+26
7.728222519319674813e+25
3.521207470250977566e+25
1.442873318107920008e+25
9.551727301511395620e+24
8.536326094465010451e+24
7.386927193632459956e+24
5.235040681767757658e+24
3.891369482689092090e+24
4.170715262826295308e+24
3.328459682636102489e+24
4.950243235718816198e+24
5.656792993245088511e+24
9.445211976013230356e+24
1.772364377305807691e+25
3.127256109032139762e+25
5.090377424462951822e+25
4.689408154141381770e+25
3.577819457714402820e+25
1.921440901834010958e+25
7.177773009471071752e+24
5.840479175283533444e+24
9.052575467879619214e+24
1.421283438740409162e+25
1.722985723079794590e+25
1.553577442724296793e+25
1.560670045409667174e+25
2.225878112804597221e+25
4.908829214933378262e+25
8.064001628883090992e+25
1.185917628352509083e+26
1.394938553451639635e+26
9.996967905669088005e+25
6.677840263436797127e+25
3.057544056520547007e+25
6.819285774539744071e+24
2.196717398982282573e+24
5.321020364813470133e+23
9.455148412758709502e+21
4.022847396046828800e+17
0.000000000000000000e+00
0.000000000000000000e+00
0.000000000000000000e+00
0.000000000000000000e+00
