0.000000000000000000e+00
0.000000000000000000e+00
1.000000000000000000e+00
1.000000000000000000e+00
1.500000000000000000e+00
3.500000000000000000e+00
5.500000000000000000e+00
1.250000000000000000e+01
1.400000000000000000e+01
2.050000000000000000e+01
2.100000000000000000e+01
2.150000000000000000e+01
4.525000000000000000e+01
6.450000000000000000e+01
1.000000000000000000e+02
1.382500000000000000e+02
1.632500000000000000e+02
1.877500000000000000e+02
2.340000000000000000e+02
2.542500000000000000e+02
2.692500000000000000e+02
2.925000000000000000e+02
2.520000000000000000e+02
2.415000000000000000e+02
2.247500000000000000e+02
1.937500000000000000e+02
1.882500000000000000e+02
1.697500000000000000e+02
1.542500000000000000e+02
1.230000000000000000e+02
9.725000000000000000e+01
7.125000000000000000e+01
4.925000000000000000e+01
4.550000000000000000e+01
3.925000000000000000e+01
3.875000000000000000e+01
3.775000000000000000e+01
4.275000000000000000e+01
5.450000000000000000e+01
5.750000000000000000e+01
7.975000000000000000e+01
9.125000000000000000e+01
1.050000000000000000e+02
1.200000000000000000e+02
1.297500000000000000e+02
1.437500000000000000e+02
1.560000000000000000e+02
1.490000000000000000e+02
1.357500000000000000e+02
1.242500000000000000e+02
1.050000000000000000e+02
1.232500000000000000e+02
1.350000000000000000e+02
1.720000000000000000e+02
1.462500000000000000e+02
1.215000000000000000e+02
1.000000000000000000e+02
4.800000000000000000e+01
5.375000000000000000e+01
3.875000000000000000e+01
1.925000000000000000e+01
5.750000000000000000e+00
0.000000000000000000e+00
0.000000000000000000e+00
0.000000000000000000e+00
1.550000000000000000e+01
5.575000000000000000e+01
1.017500000000000000e+02
1.435000000000000000e+02
1.925000000000000000e+02
2.275000000000000000e+02
2.712500000000000000e+02
3.347500000000000000e+02
3.742500000000000000e+02
4.262500000000000000e+02
3.795000000000000000e+02
2.742500000000000000e+02
1.702500000000000000e+02
4.300000000000000000e+01
1.500000000000000000e+00
2.100000000000000000e+01
3.600000000000000000e+01
5.250000000000000000e+01
7.000000000000000000e+01
1.260000000000000000e+02
1.982500000000000000e+02
2.150000000000000000e+02
1.972500000000000000e+02
1.217500000000000000e+02
3.450000000000000000e+01
1.250000000000000000e+00
0.000000000000000000e+00
0.000000000000000000e+00
0.000000000000000000e+00
0.000000000000000000e+00
0.000000000000000000e+00
0.000000000000000000e+00
0.000000000000000000e+00
0.000000000000000000e+00
0.000000000000000000e+00
