0.000000000000000000e+00
0.000000000000000000e+00
3.765638751955324270e+00
3.765638751955324270e+00
1.300310393480661375e+01
2.502572932879660428e+01
4.190406747418479227e+01
5.338069048215856327e+01
3.777722129796671169e+01
7.523401003715771651e+01
7.372388440949052324e+01
7.036983026791337181e+01
1.003761902740848484e+02
6.469398279383437966e+01
6.510179041434813030e+01
8.617121291605837996e+01
8.464506414739257423e+01
9.867044143673604140e+01
1.079189751471269147e+02
9.677315690455816366e+01
9.785932425236444487e+01
9.582644936320666318e+01
8.234411555092567880e+01
9.007206888287444713e+01
8.952000943294190449e+01
8.297020389712399435e+01
8.575802767263608928e+01
8.020527294702348797e+01
8.680856304667297252e+01
7.888249651076691293e+01
7.683366783985007942e+01
6.753511455688555998e+01
5.263140663571358857e+01
5.398467112929801459e+01
3.725918470781785174e+01
3.982348953630448563e+01
3.781516113795443346e+01
4.338124284625640570e+01
5.534837880294816870e+01
5.213880816878521074e+01
5.499381960393266411e+01
4.528693469143153294e+01
3.555246213081464646e+01
2.962214701174491438e+01
3.101339662808105402e+01
3.645980259860651529e+01
4.083470811142129975e+01
3.785641971345800982e+01
3.123750535219711466e+01
2.139345723937329424e+01
1.193799607781980043e+01
9.795468659702935454e+00
5.189094034521888332e+00
2.850219784087639763e+00
1.596638806727605830e+00
4.954332313164099832e-01
1.659372572277844904e-01
2.470708608514665949e-01
3.195938087225668189e-01
2.794821260476711422e-01
1.729304041334191744e-01
6.305357600082887870e-02
0.000000000000000000e+00
0.000000000000000000e+00
0.000000000000000000e+00
6.052956598139954542e-02
2.559613414908770701e-01
5.283753219653469779e-01
8.293555281377708033e-01
1.065498386149785981e+00
1.462284685360744518e+00
1.790532684675813613e+00
2.524134587572759880e+00
4.875006116419181801e+00
5.655802352299700075e+00
5.602943753431095963e+00
4.565280945764507159e+00
1.980579384591424574e+00
6.057008036481050794e-01
1.345994868995941188e-02
1.089627386824527921e-01
1.363872223481001900e-01
2.604117389747904743e-01
5.008851354611223439e-01
1.976742304399740302e+00
6.688453637090581161e+00
7.930164446885829221e+00
7.809773406378241134e+00
6.069048853032263047e+00
1.290465937236672911e+00
2.781278626243140553e-02
0.000000000000000000e+00
0.000000000000000000e+00
0.000000000000000000e+00
0.000000000000000000e+00
0.000000000000000000e+00
0.000000000000000000e+00
0.000000000000000000e+00
0.000000000000000000e+00
0.000000000000000000e+00
