0.000000000000000000e+00
0.000000000000000000e+00
1.225068624621434058e-04
1.225068624621434058e-04
1.600656517577824618e-04
5.826811213354186197e-03
7.796099785556911965e-03
2.117746561262283736e-02
2.441559576193430559e-02
2.827925283278637930e-02
2.685814748580111350e-02
4.343123909424202039e-02
1.446645291963460256e+00
3.961099784416208358e+00
4.385571518230467980e+00
4.562046634791511401e+00
3.068122320441747597e+00
1.015026439468351249e+00
8.699280639602585685e-01
8.986083855600982551e-01
1.070753724919767613e+00
1.007111686637477854e+00
9.581830115188565422e-01
8.260872449271842166e-01
5.787779580889477193e-01
1.962033315610569040e-01
1.711943632965851059e-01
2.520373873830949463e-01
3.541044151445274513e-01
3.474061342410380004e-01
3.070238917752725616e-01
1.519434002319025590e-01
4.479375415961711626e-02
4.533214028137368123e-02
3.118814869409614055e-02
1.813664626007154695e-02
2.014837556208096819e-02
2.061732605593302389e-02
2.516592397099117265e-02
2.336000177131094743e-02
5.135813130602221582e-02
8.601712001568850852e-02
9.786204699274055063e-02
1.438581553301778726e-01
1.352825856032242036e-01
1.235433865602526965e-01
1.302186290464844576e-01
1.073033985997453865e-01
9.905607508250735549e-02
7.939061897805477219e-02
8.071000937017294707e-02
9.132864958558145618e-02
8.130159757217386707e-02
1.168223510921091307e-01
8.925688691289856980e-02
8.239017575535521887e-02
1.032950338737899654e-01
1.446870004545235400e-01
1.403816805235044707e-01
1.083555219284282195e-01
6.820037442875563627e-02
4.678952169378344686e-04
0.000000000000000000e+00
0.000000000000000000e+00
0.000000000000000000e+00
7.741477252471645754e-02
1.323302482513055711e-01
1.547060786683027989e-01
1.732635259720834153e-01
1.408355919501802500e-01
1.365021072424007220e-01
2.036148467577562904e-01
2.616767774919535050e-01
3.439230631812453809e-01
1.169181076610675607e+00
1.123869409005303632e+00
1.040885921078508192e+00
9.375759374428768167e-01
6.430017772862949010e-02
5.065576247182522300e-03
1.263857524998558690e-02
3.225398878917916379e-02
4.517884668490652206e-02
4.312915864015765682e-02
5.972716211429616312e-02
2.890853156359692866e-01
3.528657259470675545e-01
3.491511653413703620e-01
3.211890416876888588e-01
7.176681019686582952e-02
0.000000000000000000e+00
0.000000000000000000e+00
0.000000000000000000e+00
0.000000000000000000e+00
0.000000000000000000e+00
0.000000000000000000e+00
0.000000000000000000e+00
0.000000000000000000e+00
0.000000000000000000e+00
0.000000000000000000e+00
