0.000000000000000000e+00
0.000000000000000000e+00
2.359858894620255375e+23
2.359858894620255375e+23
3.539788341930382894e+23
1.297922392041140573e+24
2.241865949889242589e+24
2.949823618275319436e+24
5.191689568164562294e+24
6.135633126012664041e+24
6.371619015474689209e+24
1.144531563890823946e+25
1.551607223212817871e+25
2.348059600147153915e+25
3.315601746941458716e+25
4.607624491746048579e+25
5.038298740014244914e+25
6.023539828518201737e+25
6.802293263742886403e+25
7.050078447678012991e+25
6.483712312969151728e+25
6.336221132055386025e+25
6.070737006410607415e+25
4.631223080692250989e+25
4.943904384229435276e+25
4.619423786219150214e+25
4.159251301768200223e+25
3.710878111790351436e+25
3.905566470596522388e+25
3.203508449446996626e+25
3.433594691672471622e+25
3.681379875607598639e+25
3.852469645467566752e+25
3.752175642446206297e+25
3.174010213264243400e+25
2.790533142888451884e+25
2.483751486587818843e+25
2.135672299631330941e+25
2.023579002136868852e+25
2.141571946867881758e+25
2.578145842372628910e+25
2.525049017243673274e+25
2.637142314738135363e+25
2.985221501694623265e+25
3.174010213264243400e+25
3.050117621296680106e+25
3.610584108768990981e+25
3.339200335887661555e+25
3.451293633382123644e+25
3.575186225349686938e+25
4.035358709800636929e+25
4.890807559100479211e+25
6.407016898893993253e+25
8.418796606557760471e+25
8.719678615621843983e+25
7.994022005526115382e+25
6.666601377302221475e+25
4.713818142003959851e+25
2.666640550920888590e+25
2.300862422254749096e+25
2.312661716727850301e+25
2.336260305674052710e+25
2.371658189093356754e+25
1.746295582018989038e+25
1.026538619159811039e+25
6.725597849667727499e+24
8.141513186439880656e+24
1.356918864406646919e+25
1.327420628223893693e+25
1.345119569933545500e+25
1.994080765954115625e+25
2.631242667501584976e+25
3.492591164037978075e+25
3.787573525865509911e+25
3.964562942962028841e+25
3.834770703757915160e+25
3.775774231392408707e+25
2.985221501694623265e+25
2.932124676565667200e+25
3.327401041414559920e+25
2.808232084598103906e+25
2.159270888577533780e+25
2.241865949889242643e+25
3.091415151952534537e+25
3.846569998231016365e+25
5.333281101841777180e+25
6.253626070743677162e+25
7.339161162268994010e+25
6.560407727044310203e+25
5.356879690787979589e+25
3.834770703757915160e+25
2.418855366985762002e+25
6.017640181281650920e+24
1.769894170965191447e+24
3.539788341930382894e+23
0.000000000000000000e+00
0.000000000000000000e+00
0.000000000000000000e+00
0.000000000000000000e+00
0.000000000000000000e+00
