0.000000000000000000e+00
0.000000000000000000e+00
7.537207868452520338e-06
7.537207868452520338e-06
7.537264928444258264e-06
2.122132945075137360e-05
3.940817881834058001e-05
5.755284472433600592e-05
7.410446949960752046e-05
1.038844645904409713e-04
1.053773776190168165e-04
1.237679588890185035e-04
1.400066598199421742e-04
3.802728914827303575e-01
1.495349330970936474e+00
2.195506929151171516e+00
2.421637901506517476e+00
3.438810416020714023e+00
2.869122042221343705e+00
2.285994431068782085e+00
2.074896790833188565e+00
7.119472142416944926e-01
2.194297239324963511e-01
1.170743431283358948e-01
1.234654538376778882e-01
1.350184369812165719e-01
1.217068286682877060e-01
1.547444133999894555e-01
1.471807272927989074e-01
1.109340666013407112e-01
7.479710328422749244e-02
5.973085375691365023e-02
6.766516125416925653e-02
1.054520477365656905e-01
1.031454521588325984e-01
8.413512691917370001e-02
7.706381928436042972e-02
4.227413167544639971e-02
5.302476793279177480e-02
5.433730928402954324e-02
7.346920532780977509e-02
6.591693063199492719e-02
8.769305824276867056e-02
8.247771690950581047e-02
7.244962648512882908e-02
1.184824527872062883e-01
1.176430750758587634e-01
1.319521430786777250e-01
1.123243344105247371e-01
6.920969364953827307e-02
5.063710319052272535e-02
5.466951728636272601e-02
5.795269655076845661e-02
6.093839317907244479e-02
4.748583399794704951e-02
1.970729197125479018e-02
1.357805662646248759e-02
2.533279874925568886e-03
1.749537059144834440e-03
1.911692381340686451e-03
6.144296626420513597e-04
7.925392441306767025e-04
9.250048482865797558e-04
4.647495810825315711e-04
4.411582102089606780e-04
2.534097758869910616e-04
1.412480902038974252e-04
3.104049853009548847e-04
6.719492805760270658e-04
7.013026143829751606e-04
6.660053817675758896e-04
5.708635545200728845e-04
2.374267993858843098e-04
3.200992918223397434e-04
4.460402163875841529e-04
3.640564230757620040e-04
5.637430864446345584e-04
1.042383287144789308e-03
1.067638487306284394e-03
1.208776560198765362e-03
9.153486082888464496e-04
3.594094834573525890e-04
2.242800157004921360e-04
8.914464257852741473e-05
2.333558462935806830e-04
3.116252444902286255e-04
4.771295345099606710e-04
6.243643209159806121e-04
5.128039597876619341e-04
4.008479372063327969e-04
2.182182691637224827e-04
3.875792809678516970e-05
6.107085510050238900e-06
5.066807782666353184e-06
0.000000000000000000e+00
0.000000000000000000e+00
0.000000000000000000e+00
0.000000000000000000e+00
0.000000000000000000e+00
0.000000000000000000e+00
