6.137543981807054094e+22
9.455135323324380768e+22
1.360212450022103785e+23
2.272550068939368578e+23
3.151711774441459920e+23
3.997697566528378314e+23
6.585418812911893086e+23
9.571251020277487260e+23
1.142910217152718979e+24
1.454763803255347576e+24
1.990554804910395937e+24
2.882986875778556525e+24
4.850318541298331231e+24
6.888978420660727791e+24
8.942567461059953705e+24
1.116535365987656249e+25
1.321562510893426994e+25
1.629269107819158980e+25
1.706237226942361052e+25
1.743891888668582631e+25
1.668416685649063388e+25
1.443815751828340439e+25
1.397701232181249716e+25
1.276609148215867144e+25
1.157507619055395224e+25
1.087506441749379683e+25
1.027623918034991769e+25
9.894716176075425801e+24
1.015680589205529575e+25
1.026131001931309156e+25
9.680731534547558089e+24
8.710336067153740318e+24
8.189474226535519968e+24
7.773116513175095428e+24
7.167656093348183641e+24
7.006752913284593183e+24
5.843937148082770770e+24
4.840365767273779045e+24
5.147242966364131682e+24
5.600094184481246499e+24
6.087780111684293968e+24
6.285176796504574703e+24
6.376410558396300930e+24
6.326646688273541072e+24
6.925471925417419142e+24
7.240643102861565268e+24
7.716717460369300779e+24
8.279049192756488572e+24
8.048476594521033882e+24
8.592561574529874927e+24
8.640666648981877161e+24
1.250897815319107974e+25
1.783537105199714648e+25
2.312361165037576532e+25
2.554213573834189507e+25
2.233900129810691847e+25
1.645193546258442264e+25
1.011035961327405221e+25
6.336599462298093259e+24
4.579934846964668870e+24
4.438937214950182784e+24
4.273057647874316232e+24
3.758830989939130673e+24
3.811912451403407927e+24
3.155029365782977584e+24
2.438429636015234660e+24
3.314273750175809345e+24
2.657390664555378466e+24
2.617579568457170794e+24
3.987744792503826128e+24
4.810507445200123022e+24
8.743511980568914273e+24
1.215897226666100096e+25
1.209593803117217259e+25
1.107411989798483627e+25
7.379981939205292656e+24
4.720932478979155492e+24
4.886812046055021507e+24
5.205300814840685029e+24
6.011475510829394946e+24
6.111003251074915736e+24
5.205300814840685029e+24
5.692986742043732498e+24
7.554155484634952696e+24
1.117696522957187338e+25
1.493911381085252037e+25
1.708891300015574753e+25
1.839272639737205818e+25
1.616330501587241353e+25
1.277936184752474102e+25
9.684049125889075485e+24
5.663128419970075939e+24
3.105265495660217726e+24
1.741735454296596378e+24
7.265525037922944392e+23
1.094805142700717685e+23
0.000000000000000000e+00
0.000000000000000000e+00
0.000000000000000000e+00
0.000000000000000000e+00
