2.379665236168727907e+25
2.261652704545125898e+25
3.915163520260589934e+25
6.941280325207788949e+25
4.473241285579984335e+25
6.262175812560668938e+25
9.644890114668229817e+25
2.485397803190096162e+26
3.729783656396357350e+26
5.286044241109158358e+26
8.973082374859720322e+26
1.331389520060547823e+27
2.457937159276280063e+27
3.855241884184061545e+27
4.538403648309474499e+27
5.072162221187753343e+27
4.565985346675835654e+27
4.117736498658937963e+27
3.381634403499756377e+27
2.464325170190089143e+27
2.169581120956910047e+27
1.968524119903661342e+27
1.944444663593099717e+27
1.854081240993335654e+27
1.654477698449291699e+27
1.533610856184297728e+27
1.474753735378914477e+27
1.508794553596370634e+27
1.840758852495989148e+27
2.052630711084512972e+27
2.170421209803099951e+27
2.527003772552664853e+27
2.669631043154437006e+27
2.493082011869757462e+27
2.366110245200687351e+27
2.650420361979852547e+27
2.289291233895104531e+27
2.597390276281521414e+27
2.869504519537466143e+27
2.835891089794658075e+27
2.936073402537411220e+27
2.341119726289693034e+27
2.170820812865980122e+27
1.677702081564819569e+27
1.447120699089447799e+27
1.189085575419637801e+27
1.091320150889035899e+27
1.130232612376116855e+27
1.154925395200377505e+27
1.040716034438269299e+27
8.662934040534547223e+26
1.030512333693612463e+27
9.439777067311070013e+26
9.510713963691539820e+26
7.268498284723644232e+26
4.675716737075994384e+26
2.446402166668317809e+26
1.075683568062825238e+26
4.655481536412131179e+25
1.676615957992025327e+25
1.374020114987454754e+25
1.191794909388789966e+25
9.998949616819881070e+24
1.224101751367174819e+25
8.910012833263387136e+24
5.807549469991684184e+24
8.741954480942090675e+24
5.774522465502244429e+24
5.907704675982006955e+24
1.497029161939265861e+25
1.991447498039714916e+25
3.809098290223970710e+25
5.758475643609555585e+25
4.553356103996840888e+25
3.291543852233109380e+25
1.881549861776705612e+25
1.311805551537789812e+25
1.490858900561011825e+25
1.892090762411363161e+25
2.359786481867680917e+25
2.320713122690885545e+25
1.601777324037043979e+25
2.037623488788135527e+25
2.928436114099877157e+25
6.513503659575074829e+25
1.330997168747323758e+26
1.528682503047011638e+26
2.088091183424883609e+26
1.616913939753594213e+26
8.613753924546515631e+25
5.140808733327912088e+25
1.092873540715015478e+25
1.625726827276383419e+24
4.103655348879493253e+23
4.056337980834302237e+22
1.921007843314645811e+19
0.000000000000000000e+00
0.000000000000000000e+00
0.000000000000000000e+00
0.000000000000000000e+00
