6.137543981807054094e+22
9.455135323324380768e+22
1.360212450022103785e+23
2.305725982354541862e+23
3.085359947611113353e+23
4.064049393358724881e+23
6.353187419005679431e+23
9.438547366616794126e+23
1.151204195506512200e+24
1.436517050877002438e+24
1.975625643873567926e+24
2.796729500899106391e+24
4.840365767273779045e+24
6.956989043161833325e+24
9.130011371855682254e+24
1.132791563561091058e+25
1.363364161796545318e+25
1.610524716739586125e+25
1.724152220186554558e+25
1.801452098443908154e+25
1.674554229630870569e+25
1.440498160486823044e+25
1.310614459466419803e+25
1.188858857232733967e+25
1.128478694817118658e+25
1.122672909969463216e+25
1.093478106164110780e+25
1.026960399766688290e+25
1.006391333449280867e+25
1.013690034400619137e+25
9.503240397776381727e+24
8.799911033374707848e+24
8.191133022206278666e+24
7.688517933966403991e+24
6.965283021515626813e+24
6.359822601688715027e+24
5.455778961125243017e+24
4.438937214950182784e+24
4.578276051293910709e+24
5.084208730875302242e+24
5.802467256313804401e+24
6.409586471811474885e+24
6.706510896877275336e+24
7.005094117613834485e+24
6.958647838832592022e+24
7.202490802434115220e+24
7.998712724398274024e+24
8.421705620441733356e+24
8.667207379714015251e+24
8.839722129472916594e+24
8.899438773620227564e+24
1.194664642080389194e+25
1.747541239144251766e+25
2.276531178549189520e+25
2.572294446645458883e+25
2.324304493867038726e+25
1.710881854820485191e+25
1.081037138633420762e+25
6.595371586936444736e+24
5.293216985390893861e+24
4.750790801052811515e+24
4.249834508483695001e+24
4.057414210675690359e+24
3.460247769202571524e+24
3.413801490421329061e+24
3.533234778715952614e+24
3.274462654077601137e+24
2.644120299189308884e+24
2.607626794432618608e+24
4.239881734459143351e+24
5.651516850274765055e+24
7.821221587627096588e+24
9.156552102587821418e+24
8.930955891364642821e+24
8.083311303606965461e+24
6.978553386881696395e+24
6.515749394740029392e+24
5.201983223499167634e+24
5.155536944717925171e+24
5.895359813876289326e+24
6.223801356686503960e+24
6.887319624989969094e+24
7.534249936585848324e+24
8.376918137331249591e+24
1.108739026335090585e+25
1.464053059011596122e+25
1.744721286503961980e+25
1.867140407005951295e+25
1.680028255344374057e+25
1.294855900594212390e+25
9.256079842833341134e+24
5.503884035577244178e+24
2.727060082727242160e+24
1.463057781609141065e+24
4.180165090311831038e+23
2.985832207365593838e+22
0.000000000000000000e+00
0.000000000000000000e+00
0.000000000000000000e+00
0.000000000000000000e+00
