2.438017553913935490e+25
2.316817115960661381e+25
4.003186802397454750e+25
7.204350991944551261e+25
4.365386870535313975e+25
7.274598734865539261e+25
9.717038649974745566e+25
2.549430086676366458e+26
3.876995717204378502e+26
5.199779918107524681e+26
8.892829068350424120e+26
1.358314954245063288e+27
2.712692477046165202e+27
3.955914075699292946e+27
4.890086822678615374e+27
4.800045939054359538e+27
3.772546627552943470e+27
3.317102021651874011e+27
2.267988634972542892e+27
1.593804039048212775e+27
1.222944279650740327e+27
1.224720972986808201e+27
1.244023643697754207e+27
1.355707830381858526e+27
1.295005856543088210e+27
1.210295096573944188e+27
1.181085424095739288e+27
1.103576110088891944e+27
1.295309921841502994e+27
1.625757637365727229e+27
1.750448192222500550e+27
1.878807044082958304e+27
1.783397075627399440e+27
1.519632607044871113e+27
1.447168404800826789e+27
1.568483749320314478e+27
1.570667776586907265e+27
1.522254021254510456e+27
1.570158927529379115e+27
1.424396512794709744e+27
1.358361044900046252e+27
1.172972621640497704e+27
1.042091675399458339e+27
9.370573253538375291e+26
7.493448602918034731e+26
6.440501398722233570e+26
6.150547033557887540e+26
6.328702914363732844e+26
6.892588197173620971e+26
6.765240367214791704e+26
6.053771591776905653e+26
7.012811688318499141e+26
7.558703204233165567e+26
6.453789980983814146e+26
4.651181632176876616e+26
3.082609376501690076e+26
1.797075895543308237e+26
8.203183976659480932e+25
3.654065843881774285e+25
2.150387874352684662e+25
1.220072523084589351e+25
9.532852658846500800e+24
7.436986781532066048e+24
5.355382459200457599e+24
4.747453953164260021e+24
4.197480921028545984e+24
2.955966884088569177e+24
9.519886430520588810e+23
8.324672023649440414e+23
2.076612999388933059e+24
4.236174022589231151e+24
9.523309660373424500e+24
2.112987877108969720e+25
2.256066459675731176e+25
2.249575513148305372e+25
1.975977936465637558e+25
1.343215039345313455e+25
8.880622944606264180e+24
7.097103125095856963e+24
5.894080760680918406e+24
5.542503532521915605e+24
6.626094393654502203e+24
7.259897201558854566e+24
9.874186630427747228e+24
2.221749129407864588e+25
5.398931873919804530e+25
8.218866389670748295e+25
1.108631837493168250e+26
8.927548103070370487e+25
4.527811534768485573e+25
2.110168222706109983e+25
3.631748071184325323e+24
4.778228654602499381e+23
1.180434763750497206e+23
1.146804174779225997e+21
8.771631256587689600e+16
0.000000000000000000e+00
0.000000000000000000e+00
0.000000000000000000e+00
0.000000000000000000e+00
