5.142266579351855589e+22
7.796339652565716592e+22
1.194332882946237535e+23
2.239374155524195295e+23
3.184887687856633204e+23
4.064049393358724881e+23
6.419539245836025998e+23
9.438547366616794126e+23
1.164474560872581513e+24
1.409976320144863811e+24
1.945767321799911904e+24
2.748624426447104694e+24
4.599840395013773242e+24
6.862437689928589702e+24
8.799911033374707848e+24
1.101108566249600575e+25
1.300495805874791962e+25
1.576851164623185206e+25
1.766451509790900491e+25
1.830481022682184935e+25
1.788513492211990741e+25
1.613842308081103521e+25
1.470522362127554829e+25
1.385094385083483828e+25
1.280424378258612149e+25
1.178076685372802647e+25
1.092980467462883171e+25
1.003239621674839557e+25
9.534757515520795910e+24
8.914367934657055844e+24
8.348718610928351729e+24
7.773116513175095428e+24
7.665294794575782223e+24
7.477850883780053674e+24
6.514090599069270694e+24
5.731139042471181472e+24
4.730885253003707679e+24
4.052437823663414266e+24
4.558370503244806336e+24
5.261699867646479678e+24
5.850572330765805561e+24
6.565513264862789250e+24
6.900589990356038676e+24
6.817650206818105937e+24
6.568830856204306646e+24
6.650111844071480687e+24
7.272160220605979451e+24
7.857715092383787938e+24
8.871239247217330777e+24
9.266032616857892247e+24
9.473382075702725168e+24
1.215731347099024226e+25
1.627942071282552022e+25
2.126244290778454512e+25
2.303901307116707174e+25
2.039489277197776339e+25
1.477655183511817229e+25
8.882850816912641661e+24
5.835643169728977281e+24
4.797237079834053977e+24
4.989657377642058619e+24
4.259787282508247187e+24
4.113813263481485008e+24
3.543187552740504800e+24
3.662620841035128352e+24
3.642715292986024516e+24
3.264509880053048950e+24
3.543187552740504800e+24
3.383943168347673039e+24
3.881581869575272158e+24
5.789196890947734819e+24
1.024803965394702198e+25
1.416943261962050180e+25
1.526755535366273608e+25
1.426564276852450413e+25
9.946138841868945431e+24
5.819055213021390304e+24
5.553647905700004036e+24
5.603411775822763894e+24
6.678311370474378548e+24
7.152726932311355362e+24
7.006752913284593183e+24
7.394911100242120935e+24
7.932360897567927189e+24
1.065942098029517042e+25
1.306799229423674799e+25
1.507845264719624883e+25
1.685999919759105369e+25
1.504859432512259227e+25
1.177413167104499167e+25
8.599196757212909718e+24
4.349362248729214717e+24
2.040318675033155795e+24
1.045041272577957827e+24
1.492916103682796919e+23
0.000000000000000000e+00
0.000000000000000000e+00
0.000000000000000000e+00
0.000000000000000000e+00
0.000000000000000000e+00
