2.226121738274736072e-07
1.944512637933574750e-07
3.816533606908031120e-07
7.869176885757987426e-07
6.329712057427214351e-07
9.392671537645856337e-07
1.434310331159213044e-06
3.388247671374506556e-06
5.239946355372024626e-06
7.124524413446543568e-06
1.146276376958453229e-05
1.755198563871011646e-05
3.225854653967654122e-05
4.830868706829879907e-05
5.852340047513198085e-05
5.900421656615772699e-05
4.812242098392514699e-05
4.620401096867511246e-05
3.654587366698135392e-05
2.737273695264186028e-05
2.274387503768392576e-05
2.025075732242556642e-05
1.902722459282820422e-05
1.788190326865301354e-05
1.574488139476696956e-05
1.316512277079821057e-05
1.220148729040758319e-05
1.149858376960314527e-05
1.204036511977450252e-05
1.336121008229912462e-05
1.434282567613680905e-05
1.724297451943622908e-05
1.914806826217457599e-05
2.012351276726659171e-05
2.110753139109825495e-05
2.389359121805154909e-05
2.286026728318244869e-05
2.230629181528643589e-05
2.341820622621262901e-05
2.005120057361426474e-05
1.682365955505315248e-05
1.304543488044560028e-05
1.175540363413023765e-05
1.100986304934442259e-05
9.428102463515057580e-06
9.007078442284377823e-06
8.862718953184525606e-06
9.022661574505609823e-06
1.067249305074856863e-05
1.024320688544748234e-05
9.206788845924426953e-06
9.600636697519518827e-06
9.799470994096565535e-06
8.266196217909962292e-06
5.278375718443229841e-06
3.171748817902241290e-06
1.730588771604607911e-06
6.848823529159826312e-07
3.462234710398452014e-07
2.313936104988975111e-07
1.644107630006876215e-07
1.217320919318025822e-07
1.042488702057148694e-07
7.970971465770829721e-08
8.666766028594599110e-08
7.505910463590616428e-08
6.690824198867967965e-08
6.954373054564956255e-08
6.155092138600081300e-08
7.751211289669907697e-08
9.843348275091591681e-08
1.792481710186636857e-07
2.679440869247859674e-07
2.695388810086918096e-07
2.464353895982495547e-07
1.646432256314930752e-07
7.131126209395353631e-08
7.990773754312205423e-08
8.796438561332037054e-08
1.558708038168041479e-07
1.909822554955768299e-07
2.184805266964169207e-07
2.656875667897823647e-07
2.497719739934219485e-07
4.017936649453900987e-07
6.533288104348688978e-07
8.455910683313020081e-07
1.266452306772363249e-06
1.099068854147101968e-06
6.164528447150355524e-07
3.164400575950479924e-07
5.130338064401097674e-08
3.094493547795063251e-09
3.569202210212544949e-10
9.553853652562500186e-14
0.000000000000000000e+00
0.000000000000000000e+00
0.000000000000000000e+00
0.000000000000000000e+00
0.000000000000000000e+00
