0.000000000000000000e+00
0.000000000000000000e+00
3.409084643710424523e+00
3.409084643710424523e+00
1.140380122079806924e+01
2.252920242459590838e+01
4.774064969842095962e+01
5.827577315982580330e+01
7.253881998416251520e+01
8.605338883245084958e+01
8.477766225593997262e+01
9.675174062653255191e+01
8.374082220742849358e+01
7.575278795836634060e+01
5.586360133472695111e+01
5.921986002015587758e+01
6.382822510670055749e+01
5.996609153082038546e+01
6.175942628805439938e+01
6.088836289948299907e+01
5.409120673824722303e+01
5.015361187361391870e+01
4.455537551318613509e+01
3.707245811556836657e+01
3.753558201887524604e+01
3.662023369656613170e+01
3.306395003582770897e+01
3.680248950786476314e+01
3.045644050503306843e+01
4.168317822392904759e+01
5.255369654752650632e+01
6.422781951378435394e+01
7.839023489880204920e+01
8.379266994155089776e+01
8.148534576753603176e+01
7.725074505937027425e+01
8.610251653375269143e+01
6.405159812774425632e+01
7.963612650251749869e+01
7.535161610231627094e+01
9.548075416863525788e+01
1.079223443305290573e+02
8.954855139655941798e+01
7.800327167533116324e+01
4.674471231984082209e+01
4.022200712005172818e+01
4.514431535403751639e+01
5.060609852755072069e+01
4.841411405891081898e+01
4.287870127904292872e+01
3.316587251495949573e+01
2.230149431624513312e+01
1.701140572038622523e+01
1.249879386853140240e+01
1.015869962595557929e+01
8.708595693233526447e+00
5.309681029912046490e+00
3.076426505703095504e+00
1.666341643887366608e+00
1.044506254777624932e+00
9.466196627264663599e-01
9.177955701687597889e-01
7.591247982133701999e-01
3.832428266985575260e-01
2.374519385864662102e-01
2.243197452903118450e-01
2.319600425595127746e-01
3.952481819369725868e-01
4.970733123176541146e-01
4.764032154565359667e-01
4.201403707217047367e-01
1.030147833492183418e+00
2.247588073708215006e+00
3.268389798979005612e+00
3.283034620996836850e+00
2.340556582737312930e+00
1.104135267295951905e+00
4.760111440313373743e-01
4.596965353025476708e-01
6.016216951735353646e-01
5.478439834861887903e-01
2.579226730864943029e-01
1.826739980484621273e-01
2.369147387565708474e-01
5.337448270432048059e-01
8.424493501067049639e-01
1.296443993671712036e+00
2.144805048167272687e+00
2.122905662978183727e+00
1.840864449754874066e+00
1.353784788598455080e+00
3.634314663736340489e-01
5.457230329291704735e-02
1.320683511335063280e-02
0.000000000000000000e+00
0.000000000000000000e+00
0.000000000000000000e+00
0.000000000000000000e+00
0.000000000000000000e+00
0.000000000000000000e+00
