0.000000000000000000e+00
0.000000000000000000e+00
1.241995602051515219e-04
1.241995602051515219e-04
1.272915585228794467e-04
3.040261764519789755e-03
7.202516377954523534e-03
1.422310153023939941e-02
1.421800397695146406e-02
2.241851084165135191e-02
2.734768416122774354e-02
1.601441841601298488e-01
1.429937280127745458e+00
2.453867962667848346e+00
2.551215654255540866e+00
2.489239344180680824e+00
1.447510520388888278e+00
2.925959281395272282e-01
6.367206799183831034e-01
8.615913612058011539e-01
8.704896075350186946e-01
1.072678965926907368e+00
6.456547746113024955e-01
3.566551952762825328e-01
3.046950108847352179e-01
1.285278990052168835e-01
7.622526599318611706e-02
5.731207788559704308e-02
3.481031858299164089e-02
5.745291408416541151e-02
1.282590018443984237e-01
1.590403467918823921e-01
2.004055087966238047e-01
1.816106227203947987e-01
1.090772039045121988e-01
7.806456631266607549e-02
3.533796877150894439e-02
1.815411393652493349e-02
2.100238406633445770e-02
2.603896621708128370e-02
4.538970002302714774e-02
4.757338818684360426e-02
4.708576251504981852e-02
4.471420544662015745e-02
4.343112102793268009e-02
4.189877235059207006e-02
4.987198757688996592e-02
5.191068867375439599e-02
5.300837607715146865e-02
6.576854448681640486e-02
6.132601916786702134e-02
8.114656653449993373e-02
8.123843636570940441e-02
1.957443275192307097e-01
2.372755860843574760e-01
2.088564954044782040e-01
1.894392422142966159e-01
6.119597319650160044e-02
1.147624718303615413e-02
4.506436923229814595e-02
6.423081637071866024e-02
6.494300614196653332e-02
7.215934429485477974e-02
3.874692662010290750e-02
1.438404832277501676e-02
1.099168925794245279e-02
5.476425908541518971e-03
1.030592510061996772e-02
1.641183591060308214e-02
2.219457398884921648e-02
2.647446154405560387e-02
5.049674409646339596e-02
6.562718170343519175e-02
7.611024154735870906e-02
6.815366025980632014e-02
4.795574331314551852e-02
4.371789535588246206e-02
5.600332173052231105e-02
6.714523964768627506e-02
1.304240616141896236e-01
1.143557509994916482e-01
1.982729410642682932e-01
3.094236347922114660e-01
5.080839211953505075e-01
6.031622501827413885e-01
5.211391774773689312e-01
4.563789140995286320e-01
2.318626819237005754e-01
2.194008763869589596e-01
1.932774548640890377e-01
1.652599342772346214e-01
6.206275375566599334e-02
2.925148824224678337e-03
0.000000000000000000e+00
0.000000000000000000e+00
0.000000000000000000e+00
0.000000000000000000e+00
0.000000000000000000e+00
0.000000000000000000e+00
0.000000000000000000e+00
