0.000000000000000000e+00
1.991453724994594826e+22
3.650998495823423917e+22
4.978634312486487274e+22
7.633905945812613149e+22
9.293450716641442241e+22
1.145085891871892140e+23
2.041240068119459749e+23
4.248434613321802742e+23
3.103348721449910099e+23
3.352280437074234966e+23
7.152637962272253485e+23
9.807909595598380031e+23
1.815541979286738966e+24
2.469402618993297634e+24
2.617102103597063548e+24
3.156454154116432684e+24
4.064225143759802435e+24
5.184417864069261988e+24
4.357964568196505389e+24
3.695806204635802356e+24
3.891632487593603968e+24
3.518234914157117808e+24
2.761482498659171716e+24
2.934075154825369646e+24
2.698419797367676163e+24
2.665228901951099246e+24
2.610463924513748057e+24
2.436211723576721254e+24
2.434552178805892381e+24
2.988840132262721372e+24
2.150770022994162395e+24
1.735883830286955223e+24
1.642949323120540767e+24
2.378127656597712051e+24
1.686097487162090384e+24
1.116873630767801942e+24
1.068746832413765975e+24
1.000705496809783939e+24
1.380741249329585858e+24
1.554993450266612929e+24
1.666182949912144448e+24
1.530100278704180375e+24
1.745841098911928191e+24
1.857030598557459710e+24
1.631332509724738926e+24
1.732564740745297478e+24
2.252002254014720946e+24
2.368170387972739083e+24
2.130855485744216459e+24
2.124217306660901237e+24
2.472721708534955380e+24
3.257686385136991235e+24
7.061362999876667633e+24
7.557566886354487689e+24
7.074639358043298615e+24
2.871012453533874093e+24
2.598847111117946485e+24
1.370783980704612890e+24
1.246318122892450658e+24
9.957268624972974549e+23
8.961541762475676423e+23
7.467951468729731247e+23
3.485044018740540756e+23
7.866242213728649960e+23
8.828778180809370632e+23
5.808406697900901484e+23
3.086753273741622043e+23
1.493590293745946249e+24
3.285898646241081400e+23
8.762396389976217066e+23
3.066838736491676241e+24
3.159773243658090429e+24
4.004481532009964628e+24
1.973198732515477847e+24
1.367464891162955144e+24
1.460399398329369600e+24
1.128490444163603782e+24
1.055470474247135262e+24
1.284487652621513656e+24
1.145085891871892107e+24
1.354188532996324431e+24
1.921752844619784135e+24
2.001410993619567878e+24
2.459445350368324935e+24
3.584616704990270569e+24
4.709788059612216740e+24
4.908933432111676634e+24
4.311497314613298027e+24
4.291582777363352091e+24
1.742522009370270445e+24
9.459405193724326157e+23
8.662823703726487388e+23
1.792308352495135553e+23
0.000000000000000000e+00
0.000000000000000000e+00
0.000000000000000000e+00
0.000000000000000000e+00
0.000000000000000000e+00
0.000000000000000000e+00
