3.953130821706439519e+02
4.057226837627473515e+02
4.445534547516263046e+02
4.563542062017074841e+02
7.858114984012914306e+01
8.382275457688646725e+01
5.474537436375990751e+01
6.922812458292051474e+01
7.002423053495240879e+01
6.430534557562162945e+01
7.161072037872546048e+01
6.008604594597867532e+01
5.426079642816865345e+01
5.085540654526276683e+01
3.905158617051207415e+01
2.888761057545247724e+01
1.815111880610459139e+01
1.264324114042254621e+01
8.345433465371874249e+00
4.438260413131517979e+00
3.531788579388400073e+00
3.480564257887401425e+00
3.578642784219941309e+00
3.786787610500997658e+00
3.753696645732033765e+00
3.396012523438433739e+00
2.902351509348402026e+00
2.646356754005269707e+00
2.625717808857496838e+00
2.793835388764951411e+00
2.901988544113405677e+00
3.551260297571075863e+00
3.445689093317689355e+00
3.078187472150907489e+00
2.958249366466775943e+00
2.769778826675028949e+00
3.074564042299924527e+00
3.898444165918109494e+00
3.935362336475830780e+00
3.097792270790088676e+00
2.438470853253928983e+00
1.498162046364605038e+00
1.143632256407389969e+00
1.075304795092986820e+00
8.411856532804469211e-01
7.509313681426605935e-01
7.165008372032753980e-01
6.690774767797844635e-01
6.648915610571181078e-01
5.325124693327119019e-01
3.863777638814445137e-01
2.773738601441619878e-01
1.865854566576988782e-01
1.361914622411461440e-01
9.679824948248651195e-02
7.547908952841873853e-02
5.964851680043033177e-02
4.596153580738745331e-02
3.721683956977406282e-02
2.255248153210761067e-02
1.958630988586331986e-02
1.355383010109205595e-02
1.100836839484369521e-02
1.025084986003611982e-02
5.266194909917918873e-03
3.801065023411368503e-03
4.892339384964940023e-03
3.885870385623764727e-03
2.970648578259923664e-03
6.123433870891599462e-03
7.732442153896989731e-03
1.144880238186986657e-02
1.193464995791446159e-02
1.007739035920398804e-02
7.308610702765605364e-03
4.023301185118841224e-03
5.257803262014032995e-03
4.482719271635336213e-03
4.996223054336929210e-03
5.302643946031763457e-03
4.978706976535007649e-03
5.582559582913700774e-03
5.233483439014011487e-03
5.974688748415664212e-03
6.918222995603558710e-03
8.897851752841441988e-03
1.099681801641036287e-02
1.165906848146230392e-02
1.152555342359710272e-02
1.061547629277458452e-02
9.169515699548354618e-03
6.516906795790596008e-03
4.019235392711132185e-03
1.704698782569047909e-03
4.589801644918365607e-05
2.431276296753852071e-09
0.000000000000000000e+00
0.000000000000000000e+00
0.000000000000000000e+00
0.000000000000000000e+00
