5.227564511153826743e+01
5.722660516020567911e+01
9.322820468466690613e+01
1.112904560209830578e+02
1.001414692474814103e+02
1.466446397810982205e+02
1.510877777767034331e+02
2.710294376471483133e+02
3.533521672132345657e+02
3.834883303453829058e+02
5.100879517736755702e+02
5.427186700205935495e+02
5.895308486627299089e+02
6.085587375639053107e+02
5.349759639736246299e+02
4.562572536167767225e+02
3.264077824265844470e+02
2.519200661706680080e+02
1.858207960107734493e+02
1.156538294370931652e+02
1.055444618012212743e+02
1.164004529246811330e+02
1.332057544147127714e+02
1.521528235570517040e+02
1.632787450511815450e+02
1.589484778448004931e+02
1.471441993189962716e+02
1.464732221935257712e+02
1.598672718837987361e+02
1.830871341457881272e+02
2.024789439307312193e+02
2.686223346076255893e+02
2.758668444073618389e+02
2.583067595104717498e+02
2.607727045934110492e+02
2.700936723834276449e+02
3.211758980072621625e+02
4.283622217744766090e+02
4.471658452471373266e+02
3.663308388981025701e+02
3.023755991192318220e+02
1.997838928801347436e+02
1.624165676334891941e+02
1.593184477525634293e+02
1.304266980181952817e+02
1.239859346859372948e+02
1.254007070703526097e+02
1.227982637960934653e+02
1.262281489046467300e+02
1.051442962965229810e+02
7.965195403649497052e+01
5.966311752549171388e+01
4.204343731844022614e+01
3.209498581737483391e+01
2.375614416053607059e+01
1.953778355237543352e+01
1.606025042520671064e+01
1.291185457910894030e+01
1.076187012945102595e+01
6.772710537264913455e+00
6.234043770200816681e+00
4.501874938435973306e+00
3.747230489337649129e+00
3.586307153540579051e+00
1.964884183385617655e+00
1.457052764615244245e+00
1.978055541528820349e+00
1.625725294033924628e+00
1.285280910144224187e+00
2.788778087230896929e+00
3.703663435718400621e+00
5.634383054528828261e+00
5.908608996938025548e+00
5.133299146011004233e+00
3.837827249292439902e+00
2.239001139030741161e+00
3.041328455364940453e+00
2.663560810626996567e+00
3.059206219768017654e+00
3.354684711435639510e+00
3.310826829432039542e+00
3.799559811035311263e+00
3.666648875247283446e+00
4.344559416225037829e+00
5.250449911280690607e+00
6.978968055048277108e+00
8.839565320951622951e+00
9.621168204728020257e+00
9.771519911302078754e+00
9.278189033032386845e+00
8.251366884659921297e+00
5.964685828844350723e+00
3.741168218316002214e+00
1.617706657885046306e+00
4.443001321847914187e-02
2.435993178595887762e-06
0.000000000000000000e+00
0.000000000000000000e+00
0.000000000000000000e+00
0.000000000000000000e+00
