0.000000000000000000e+00
1.659544770828829091e+22
2.987180587491892448e+22
4.646725358320721120e+22
7.301996991646847835e+22
9.293450716641442241e+22
1.277849473538198434e+23
1.775712904786847161e+23
4.348007299571532421e+23
3.269303198532793344e+23
3.252707750824505288e+23
6.522010949357297960e+23
9.027923553308829989e+23
1.569929353204072247e+24
2.323362679160360594e+24
2.617102103597063548e+24
2.910841528033765965e+24
3.644360316740108913e+24
4.799403477236973719e+24
5.459902296026847342e+24
4.361283657738162597e+24
4.372900471133964706e+24
4.553790851154307000e+24
4.162138285238703241e+24
3.675891667385856421e+24
2.963946960700288818e+24
2.867693363992216885e+24
2.252002254014720946e+24
2.132515030515045332e+24
1.822180158370054456e+24
1.845413785161657869e+24
1.641289778349711894e+24
1.632992054495567799e+24
2.003070538390396750e+24
1.838775606078342647e+24
1.027258213143045231e+24
1.022279578830558747e+24
1.108575906913657846e+24
1.073725466726252459e+24
1.204829503621729914e+24
1.674480673766288543e+24
1.998091904077910132e+24
1.651247046974684862e+24
1.412272599975333634e+24
1.402315331350360666e+24
1.433846681996108442e+24
1.936688747557243452e+24
2.039580523348630876e+24
1.925071934161441612e+24
2.346596305951964275e+24
2.602166200659604230e+24
2.105962314181784174e+24
3.222835944949585981e+24
4.596939015195856617e+24
6.049040689671082122e+24
5.441647303547730816e+24
3.207900042012126664e+24
1.145085891871892107e+24
7.384974230188288954e+23
1.055470474247135262e+24
8.164960272477838996e+23
5.874788488734055051e+23
6.472224606232433121e+23
7.268806096230271890e+23
5.078206998736216953e+23
7.152637962272253485e+23
3.601212152698559162e+23
4.879061626236757596e+23
4.480770881237838211e+23
1.267892204913225466e+24
3.727337555281549864e+24
4.200307814967766239e+24
4.797743932466144846e+24
6.482181874857406089e+24
5.539560445026631084e+24
3.966312002280901629e+24
3.216197765866270491e+24
1.523462099620865153e+24
9.260259821224866800e+23
1.075385011497081198e+24
1.254615846746594753e+24
1.244658578121621785e+24
1.453761219246054378e+24
1.732564740745297478e+24
3.265984108991135598e+24
3.066838736491676241e+24
3.146496885491459984e+24
3.604531242240216505e+24
3.017052393366811134e+24
2.529146230743135441e+24
1.254615846746594753e+24
1.184914966371783978e+24
2.091026411244324588e+23
2.987180587491892448e+22
0.000000000000000000e+00
0.000000000000000000e+00
0.000000000000000000e+00
0.000000000000000000e+00
0.000000000000000000e+00
0.000000000000000000e+00
