4.801910066771903729e+01
5.296750845198456403e+01
9.531082927733298504e+01
1.208342194128207723e+02
1.342600465569081507e+02
1.779032525296714198e+02
1.996735287641435548e+02
3.247983997106480274e+02
4.007006584396703488e+02
4.501306406309061003e+02
5.457342499243344491e+02
6.089286950915228545e+02
6.979663973428722556e+02
7.409417950941159461e+02
7.054781873210307594e+02
6.102486321809959691e+02
4.656884373778496524e+02
3.764196360050381145e+02
2.888208853863153536e+02
2.165461528957330302e+02
1.719652422718109790e+02
1.545634415919027447e+02
1.582149830689555756e+02
1.451659155270569954e+02
1.330537201895232329e+02
1.254236691715893102e+02
1.104517670230706727e+02
1.038055815178491912e+02
1.256723688130427234e+02
1.607762705491467727e+02
2.219572422443011419e+02
2.502841005340381741e+02
2.520854830649244036e+02
2.615660469113853992e+02
2.634865028427427660e+02
3.431864949267215366e+02
4.268044450884856928e+02
4.796502706737692279e+02
4.732048157726488284e+02
3.785279374760103792e+02
2.980986185887441025e+02
2.049669559645183199e+02
1.554690605213156687e+02
1.315242618449338750e+02
9.441044309362989395e+01
8.405774157403143931e+01
6.512726689682627068e+01
6.127722583970582804e+01
6.339988392559839525e+01
5.419705702535748060e+01
4.936667144632884430e+01
4.444780807540934831e+01
3.190869750308483432e+01
2.371449704245262069e+01
1.737142693012692618e+01
1.191258679304852386e+01
8.305372340704796130e+00
5.592331754378998099e+00
3.703911571579319162e+00
2.618510889029610045e+00
1.926067220957320192e+00
1.834324021229451374e+00
1.971695889712637761e+00
1.428779896217306167e+00
1.452336709369625778e+00
1.097395321921048383e+00
6.072188648543865863e-01
4.979798121647120435e-01
7.047935413572607999e-01
1.736147734378269192e+00
2.373087734844596675e+00
3.362396891118558884e+00
3.669352779267844422e+00
3.366994962548733650e+00
3.150594373778612400e+00
2.327419432746222316e+00
2.219217889637126184e+00
1.664289794507051390e+00
1.401531221818416384e+00
1.491137117545351609e+00
1.221415129680087475e+00
1.229174144443126115e+00
1.233080074429665052e+00
1.430539528668262506e+00
1.892368009167264553e+00
2.863515944571410898e+00
3.905294728098413160e+00
4.111893786589869038e+00
3.573982525289082002e+00
2.412325815127708051e+00
1.071617649726401389e+00
3.288641253564610345e-01
8.708423663945173698e-02
1.025059696029458761e-02
8.377761679637674434e-05
0.000000000000000000e+00
0.000000000000000000e+00
0.000000000000000000e+00
0.000000000000000000e+00
0.000000000000000000e+00
