4.589129464650532100e+02
4.702566169332814070e+02
5.201327112044946261e+02
5.386757161892326167e+02
1.089525242788014907e+02
1.139944981034949336e+02
8.176522740472577766e+01
9.504665466403292839e+01
8.866775878392070354e+01
8.555530445221663172e+01
8.586112565223010051e+01
7.448542467736311323e+01
7.007686872822216628e+01
6.680459300288272573e+01
5.657396656507795285e+01
4.264990541963169335e+01
2.826103956419638408e+01
2.050627343691369475e+01
1.420675833453741177e+01
9.312884424171636866e+00
6.488572762312242226e+00
5.234729661368212383e+00
4.883828106507928091e+00
4.065525530808192123e+00
3.439797555220000636e+00
3.000944008279611719e+00
2.414110222925774707e+00
2.073855554969864290e+00
2.283791221051983289e+00
2.684209622372203174e+00
3.449691206177306846e+00
3.718392636171741206e+00
3.562522748346168111e+00
3.454466634191997620e+00
3.190784893705813197e+00
3.877574816890229314e+00
4.570276747516025750e+00
4.897110386256138703e+00
4.639770276717355202e+00
3.549732337077643685e+00
2.655332591452844504e+00
1.717520698319193073e+00
1.222723197974286746e+00
9.949532655998872821e-01
6.761292166815029425e-01
5.697633408218797380e-01
4.159409352042166552e-01
3.749883426975556544e-01
3.698117408059180544e-01
3.006048315469576071e-01
2.631370174612408519e-01
2.286400932222822369e-01
1.571151064802254194e-01
1.119315690722730017e-01
7.872251088431829469e-02
5.148691515242829336e-02
3.451398568597615485e-02
2.239465469880785181e-02
1.424455628397068400e-02
9.504166585355879743e-03
6.755865546474909382e-03
6.182442958765637861e-03
6.320820237796083603e-03
4.382303653933886795e-03
4.376263267285755189e-03
3.219645449285745472e-03
1.685242867828115566e-03
1.333701504874329263e-03
1.756446484760446894e-03
4.135235800668831709e-03
5.517211363361832106e-03
7.649030523724279461e-03
8.178582126946538564e-03
7.225849700610320961e-03
6.575565006056058662e-03
4.708663092778788209e-03
4.320783310038187747e-03
3.124368934821126088e-03
2.531880782236882281e-03
2.620772972274755443e-03
2.055281225200375223e-03
2.010075285876621477e-03
1.951433615912950012e-03
2.172644578496620450e-03
2.761289805928164153e-03
4.033410561335244206e-03
5.360356285507439020e-03
5.532935262279583578e-03
4.734080972426988644e-03
3.140442789146182662e-03
1.360196025062512760e-03
4.058016391367721661e-04
1.047983486986621437e-04
1.207963692523701628e-05
9.574217426479501340e-08
0.000000000000000000e+00
0.000000000000000000e+00
0.000000000000000000e+00
0.000000000000000000e+00
0.000000000000000000e+00
