6.727430555555555507e-05
1.019965277777777840e-04
1.562500000000000033e-04
2.929687499999999892e-04
4.166666666666666934e-04
5.403645833333333435e-04
8.593750000000000043e-04
1.252170138888888820e-03
1.501736111111111023e-03
1.820746527777777684e-03
2.541232638888888881e-03
3.604600694444444562e-03
5.944010416666666886e-03
9.073350694444443781e-03
1.150173611111111188e-02
1.414496527777777714e-02
1.704210069444444392e-02
2.051866319444444614e-02
2.286458333333333398e-02
2.397135416666666685e-02
2.377170138888888909e-02
2.134331597222222099e-02
2.011501736111111216e-02
1.858289930555555650e-02
1.651692708333333398e-02
1.521050347222222161e-02
1.375868055555555525e-02
1.282552083333333287e-02
1.222873263888888881e-02
1.166015624999999951e-02
1.084635416666666734e-02
9.908854166666666505e-03
1.001736111111111056e-02
9.685329861111110702e-03
8.617621527777776999e-03
7.936197916666666921e-03
6.482204861111111327e-03
5.483940972222222515e-03
5.928819444444444024e-03
6.820746527777778005e-03
7.580295138888889020e-03
8.487413194444444128e-03
9.181857638888889575e-03
8.932291666666666505e-03
9.127604166666665811e-03
9.359809027777778526e-03
9.498697916666666574e-03
1.059461805555555504e-02
1.116536458333333356e-02
1.151475694444444378e-02
1.220269097222222154e-02
1.537109375000000021e-02
2.072699652777777735e-02
2.688585069444444572e-02
3.004774305555555497e-02
2.699435763888888978e-02
2.036892361111111022e-02
1.297743055555555629e-02
7.756076388888888742e-03
6.154513888888889055e-03
5.425347222222222029e-03
4.752604166666666262e-03
4.687499999999999827e-03
4.709201388888888638e-03
5.351562500000000416e-03
5.334201388888889193e-03
5.039062500000000139e-03
4.184027777777777832e-03
3.307291666666666713e-03
5.030381944444444094e-03
7.730034722222222342e-03
1.240885416666666699e-02
1.944661458333333398e-02
1.951822916666666810e-02
1.775173611111111049e-02
1.420572916666666685e-02
8.652343749999999445e-03
8.072916666666667476e-03
7.890625000000000069e-03
8.229166666666665880e-03
8.723958333333333565e-03
8.723958333333333565e-03
1.013020833333333308e-02
1.182291666666666734e-02
1.403645833333333308e-02
1.697916666666666671e-02
1.979166666666666574e-02
2.108072916666666602e-02
1.893229166666666671e-02
1.528645833333333419e-02
1.072916666666666637e-02
5.846354166666666366e-03
3.085937500000000139e-03
1.536458333333333252e-03
2.604166666666666631e-04
1.302083333333333417e-05
0.000000000000000000e+00
0.000000000000000000e+00
0.000000000000000000e+00
0.000000000000000000e+00
