2.203411153528452006e-07
1.923695183420500027e-07
3.778508070661575359e-07
7.786691797922522132e-07
6.259139954785818314e-07
9.418292911971105814e-07
1.452350023691551509e-06
3.354399520083049012e-06
4.947338689780737476e-06
6.676201655076069800e-06
1.099626265170098605e-05
1.724485974509121003e-05
3.153156667900302532e-05
5.294109945932949857e-05
6.248790313931187142e-05
6.593110905466363137e-05
6.068570811739383602e-05
5.263502352556603711e-05
4.748759530077354806e-05
3.627746877852982714e-05
2.963774540684612892e-05
2.446984833853553035e-05
2.200230677310541339e-05
1.882265547308950592e-05
1.538349317553434109e-05
1.340397876843997937e-05
1.112965543383279935e-05
1.016591377202158063e-05
1.238589541195218938e-05
1.434810572855931907e-05
1.736166356225320515e-05
2.028688393724061852e-05
2.125648552868860192e-05
2.190132671733126198e-05
2.142691031228854593e-05
2.504421492227380466e-05
2.365965946050575970e-05
2.485812211228696525e-05
2.696697277049717913e-05
2.413177086713437692e-05
2.203571378992022478e-05
1.738228927732394813e-05
1.683797723529716466e-05
1.758066527836132193e-05
1.706401928253059401e-05
1.604640577900299099e-05
1.425765192610348136e-05
1.294537399458434270e-05
1.376693824141563947e-05
1.201895854766049693e-05
9.977461903080057481e-06
1.104783217103306927e-05
1.084508685333943172e-05
9.754641841861030389e-06
7.627399757115605478e-06
4.554629024926429390e-06
2.881791561410718517e-06
1.376965562179815482e-06
5.556253022269831356e-07
3.010491567209066922e-07
1.311312901761920161e-07
1.038054162452519270e-07
9.630650007696315016e-08
9.019995001990543736e-08
1.137854403854799073e-07
1.086544698760791053e-07
1.060214560959842052e-07
8.064125029665913594e-08
6.081486489217643037e-08
9.159095745114458955e-08
1.595728884641391808e-07
3.254095692813192544e-07
7.369529526048479166e-07
7.137348578202526928e-07
6.449224993905137867e-07
5.031819924318007830e-07
2.413208798181917453e-07
2.465638178313776423e-07
2.299760176197284294e-07
2.279823822711644878e-07
2.402871530946425236e-07
2.619688957226180723e-07
3.372582603430774389e-07
4.828677598935233091e-07
6.849135189267995352e-07
9.463465735760985633e-07
1.191768771313346577e-06
1.391571784246620709e-06
1.022177151205786814e-06
6.021030947966136537e-07
2.812694340364863561e-07
3.448553244154925411e-08
4.255188268618677873e-09
8.051765310468984518e-10
8.846471885986563660e-14
6.393998232132133149e-23
0.000000000000000000e+00
0.000000000000000000e+00
0.000000000000000000e+00
0.000000000000000000e+00
