0.000000000000000000e+00
0.000000000000000000e+00
2.359858894620255375e+23
2.359858894620255375e+23
3.539788341930382894e+23
1.297922392041140573e+24
2.241865949889242589e+24
2.949823618275319436e+24
4.129753065585446889e+24
5.663661347088612630e+24
5.545668402357600583e+24
7.433555518053804077e+24
1.144531563890823946e+25
1.663700520707279960e+25
2.607644078555382137e+25
3.409996102726269213e+25
5.132693095799055411e+25
5.581066285776903768e+25
7.126773861753171466e+25
8.141513186439881945e+25
9.380439106115514884e+25
8.542689198525323765e+25
8.778675087987349577e+25
8.200509658805387539e+25
6.902587266764247288e+25
5.616464169196207812e+25
5.604664874723106177e+25
5.345080396314878814e+25
4.094355182166143382e+25
3.315601746941458716e+25
2.796432790125002701e+25
1.970482177007913216e+25
1.238925919675634013e+25
1.262524508621836637e+25
1.463112514664558406e+25
1.451313220191456987e+25
1.734496287545887618e+25
2.678439845393989795e+25
3.645981992188294596e+25
5.144492390272157045e+25
5.663661347088612630e+25
5.769854997346524762e+25
5.132693095799055411e+25
4.035358709800636929e+25
2.348059600147153915e+25
1.563406517685919290e+25
8.436495548267412922e+24
3.480791869564876870e+24
1.002940030213608576e+24
4.129753065585447157e+23
0.000000000000000000e+00
0.000000000000000000e+00
0.000000000000000000e+00
0.000000000000000000e+00
0.000000000000000000e+00
0.000000000000000000e+00
0.000000000000000000e+00
0.000000000000000000e+00
0.000000000000000000e+00
0.000000000000000000e+00
0.000000000000000000e+00
0.000000000000000000e+00
0.000000000000000000e+00
4.601724844509498299e+24
1.616503342814874927e+25
2.938024323802218017e+25
3.858369292704117569e+25
5.297883218422473136e+25
5.769854997346524762e+25
8.920266621664565752e+25
1.071375938157595918e+26
1.205887895150950597e+26
1.229486484097153006e+26
1.802932195489875078e+26
1.821221101923181967e+26
1.632432390353561660e+26
1.458982761598972877e+26
1.299102321488450672e+26
6.324421837582284390e+25
1.834790290567248503e+25
6.076636653647158017e+24
7.669541407515830051e+23
0.000000000000000000e+00
0.000000000000000000e+00
0.000000000000000000e+00
0.000000000000000000e+00
0.000000000000000000e+00
0.000000000000000000e+00
0.000000000000000000e+00
0.000000000000000000e+00
0.000000000000000000e+00
0.000000000000000000e+00
0.000000000000000000e+00
0.000000000000000000e+00
0.000000000000000000e+00
0.000000000000000000e+00
0.000000000000000000e+00
0.000000000000000000e+00
0.000000000000000000e+00
0.000000000000000000e+00
