0.000000000000000000e+00
0.000000000000000000e+00
4.271768504221199088e-04
4.271768504221199088e-04
4.295505460654487238e-04
8.356179989012495635e-04
1.636624364128120386e-03
2.397573670747246005e-03
3.747794710348136688e-03
3.718849281749471609e-03
4.260374401169816048e-03
4.982152104217674529e-03
9.219309692037509496e-01
1.083482019906340188e+00
1.709486979477216506e+00
4.630315948229673850e+00
4.068337978016820067e+00
9.370454051940793505e+00
1.083144734749293647e+01
1.074007484334538276e+01
1.203684748381840919e+01
7.116100598842311165e+00
5.420352535382887638e+00
3.247610348669794256e+00
2.876510619195847163e+00
3.062220776382754472e+00
2.920194632286588821e+00
3.394459539257932423e+00
2.164984647461952516e+00
1.442732824478727860e+00
1.223003075090236091e+00
1.621630186323445577e-01
1.467928147924753846e-01
1.759111031839198092e-01
1.998375955802692561e-01
4.993754335250539245e-01
5.056785221067597869e-01
6.904267151957841353e-01
9.158284016452821197e-01
9.098320833607660418e-01
9.399830727501006233e-01
7.897433882637264757e-01
5.644514058934843037e-01
2.421693669679910454e-01
1.830205599563098640e-01
1.208500905318870000e-01
6.554988754227056291e-02
2.266855139254536286e-02
8.212023448017033780e-03
0.000000000000000000e+00
0.000000000000000000e+00
0.000000000000000000e+00
0.000000000000000000e+00
0.000000000000000000e+00
0.000000000000000000e+00
0.000000000000000000e+00
0.000000000000000000e+00
0.000000000000000000e+00
0.000000000000000000e+00
0.000000000000000000e+00
0.000000000000000000e+00
0.000000000000000000e+00
0.000000000000000000e+00
0.000000000000000000e+00
1.650208458886770826e-02
3.881945640188557561e-02
5.337675077670968327e-02
7.073847189891460663e-02
7.577686250773520149e-02
1.107597388417648904e-01
1.549298714116111031e-01
1.670640589684751764e-01
1.748718368115264321e-01
1.638418658263607885e-01
1.604729405386545737e-01
1.395782111559761840e-01
1.182406123876226650e-01
7.350861729031679670e-02
1.815011563335267725e-02
9.548936336961985280e-03
1.538282064576338825e-03
0.000000000000000000e+00
0.000000000000000000e+00
0.000000000000000000e+00
0.000000000000000000e+00
0.000000000000000000e+00
0.000000000000000000e+00
0.000000000000000000e+00
0.000000000000000000e+00
0.000000000000000000e+00
0.000000000000000000e+00
0.000000000000000000e+00
0.000000000000000000e+00
0.000000000000000000e+00
0.000000000000000000e+00
0.000000000000000000e+00
0.000000000000000000e+00
0.000000000000000000e+00
0.000000000000000000e+00
0.000000000000000000e+00
