0.000000000000000000e+00
0.000000000000000000e+00
2.359858894620255375e+23
2.359858894620255375e+23
3.539788341930382894e+23
1.297922392041140573e+24
2.241865949889242589e+24
2.949823618275319436e+24
4.129753065585446889e+24
5.663661347088612630e+24
5.663661347088612630e+24
7.905527296977855488e+24
1.185829094546678377e+25
1.852489232276900524e+25
2.702038434340192634e+25
3.811172114811712321e+25
4.973402620412188073e+25
5.805252880765827946e+25
6.991081975312506538e+25
7.929125885924057683e+25
8.336201545246051608e+25
8.265405778407445239e+25
8.283104720117096402e+25
7.504351284892412594e+25
6.625303846646367044e+25
6.064837359174056168e+25
5.616464169196207812e+25
4.908506500810131233e+25
4.336240718864719582e+25
3.557487283640034916e+25
2.772834201178800292e+25
2.047177591083071691e+25
1.769894170965191662e+25
1.345119569933545500e+25
1.339219922696994897e+25
1.463112514664558406e+25
1.616503342814874927e+25
2.224167008179590621e+25
3.044217974060129289e+25
3.303802452468357511e+25
3.734476700736554275e+25
3.876068234413769591e+25
3.227107038393199465e+25
2.926225029329116812e+25
2.914425734856015607e+25
2.808232084598103906e+25
2.766934553942249474e+25
2.690239139867090999e+25
2.094374768975476510e+25
2.324461011200951505e+25
2.300862422254749096e+25
2.938024323802218017e+25
2.702038434340192634e+25
2.584045489609179727e+25
1.817091348857596695e+25
1.126832622181171924e+25
0.000000000000000000e+00
0.000000000000000000e+00
7.079576683860765788e+23
9.793414412674060056e+24
1.268424155858387239e+25
1.274323803094937842e+25
1.274323803094937842e+25
1.203528036256330184e+25
4.601724844509498299e+24
1.132732269417722526e+25
2.253665244362343847e+25
3.345099983124211942e+25
4.725617436477061486e+25
6.955684091893202494e+25
8.743277204568045534e+25
9.940905593587825759e+25
1.166360258666061282e+26
1.527418669542960294e+26
1.539217964016061585e+26
1.303232074554036116e+26
1.074325761775871284e+26
7.929125885924057683e+25
3.663680933897946617e+25
1.616503342814874927e+25
1.309721686514241671e+25
1.274323803094937842e+25
1.274323803094937842e+25
7.374559045688298054e+24
2.182869477523736190e+25
2.548647606189875684e+25
2.548647606189875684e+25
2.548647606189875684e+25
2.359858894620255549e+25
4.483731899778485178e+24
0.000000000000000000e+00
0.000000000000000000e+00
0.000000000000000000e+00
0.000000000000000000e+00
0.000000000000000000e+00
0.000000000000000000e+00
0.000000000000000000e+00
0.000000000000000000e+00
0.000000000000000000e+00
0.000000000000000000e+00
