0.000000000000000000e+00
0.000000000000000000e+00
1.527734167099087490e-04
1.527734167099087490e-04
1.553526962711296593e-04
1.176524493181401593e-02
1.162978645031913921e-02
2.846873847420529000e-02
3.412363914282778160e-02
3.896415456440586317e-02
5.121474574895825554e-02
3.813939077762496660e-02
1.010771143991474830e+00
2.896501020149193195e+00
4.846539380965677601e+00
5.048427877172676048e+00
4.229509014483012308e+00
2.514893094320091116e+00
9.608286651399555733e-01
1.186759772715791472e+00
1.383100067301903158e+00
1.567485952089695989e+00
1.385043105231577032e+00
1.052941133586922540e+00
7.335220959780601735e-01
4.063071462485859375e-01
2.615011405458916305e-01
3.398958013320448890e-01
3.786346000030864634e-01
3.557071567365358011e-01
2.893511926548532065e-01
1.446067960289549592e-01
7.888423625366217107e-02
6.665565340687576446e-02
6.566227936659793651e-02
5.444519125274521754e-02
5.574311265375597735e-02
9.891794378419421774e-02
1.320816017110936214e-01
1.840558836479052607e-01
2.192035461397080776e-01
1.936047361499674546e-01
1.545119230466221738e-01
9.654291259332681285e-02
1.020421500058859010e-01
9.967243470513596770e-02
1.072602055125441156e-01
1.046808995024457734e-01
7.178248098134912270e-02
4.705037286285630727e-02
9.067479694326020800e-02
1.154176263412748787e-01
9.706335721162988317e-02
9.700988689327975922e-02
3.808320010856643123e-02
0.000000000000000000e+00
0.000000000000000000e+00
0.000000000000000000e+00
0.000000000000000000e+00
3.390191040904370900e-02
5.117944943339364228e-02
5.149496681569509793e-02
5.149496681569509793e-02
1.759305640665140974e-02
3.217389725568534802e-04
4.259821224737610906e-02
1.783291434019709520e-01
2.382580542708978011e-01
3.151599547004231838e-01
3.603072728520865242e-01
3.682313583043770322e-01
4.096942357383289712e-01
5.109067696574003392e-01
5.913794560922818189e-01
1.544098934297452264e+00
1.488050669340513998e+00
1.310880416177485408e+00
1.142843945556241358e+00
4.779444101049217658e-02
3.081562531628258966e-02
4.297419863254165612e-02
4.279982582826120929e-02
4.147483556195576127e-02
1.311012791022237237e-02
8.788758815380723344e-02
3.341399490445146614e-01
3.747521998379307329e-01
3.747521998379307329e-01
2.868657635022634489e-01
4.061225079341603678e-02
0.000000000000000000e+00
0.000000000000000000e+00
0.000000000000000000e+00
0.000000000000000000e+00
0.000000000000000000e+00
0.000000000000000000e+00
0.000000000000000000e+00
0.000000000000000000e+00
0.000000000000000000e+00
0.000000000000000000e+00
