0.000000000000000000e+00
0.000000000000000000e+00
1.000000000000000000e+00
1.000000000000000000e+00
1.500000000000000000e+00
3.500000000000000000e+00
7.500000000000000000e+00
1.250000000000000000e+01
1.450000000000000000e+01
2.050000000000000000e+01
2.100000000000000000e+01
2.950000000000000000e+01
4.600000000000000000e+01
7.375000000000000000e+01
1.120000000000000000e+02
1.522500000000000000e+02
1.852500000000000000e+02
2.037500000000000000e+02
2.365000000000000000e+02
2.450000000000000000e+02
2.352500000000000000e+02
2.245000000000000000e+02
1.872500000000000000e+02
1.520000000000000000e+02
1.577500000000000000e+02
1.595000000000000000e+02
1.377500000000000000e+02
1.447500000000000000e+02
1.135000000000000000e+02
1.102500000000000000e+02
1.242500000000000000e+02
1.175000000000000000e+02
1.302500000000000000e+02
1.267500000000000000e+02
1.097500000000000000e+02
9.650000000000000000e+01
8.350000000000000000e+01
5.750000000000000000e+01
6.925000000000000000e+01
6.750000000000000000e+01
9.225000000000000000e+01
9.725000000000000000e+01
9.350000000000000000e+01
1.055000000000000000e+02
9.750000000000000000e+01
1.052500000000000000e+02
1.157500000000000000e+02
1.175000000000000000e+02
1.142500000000000000e+02
1.260000000000000000e+02
1.260000000000000000e+02
1.512500000000000000e+02
2.005000000000000000e+02
2.770000000000000000e+02
3.170000000000000000e+02
3.007500000000000000e+02
2.435000000000000000e+02
1.350000000000000000e+02
7.400000000000000000e+01
7.575000000000000000e+01
8.525000000000000000e+01
8.625000000000000000e+01
8.750000000000000000e+01
5.375000000000000000e+01
2.525000000000000000e+01
1.925000000000000000e+01
2.100000000000000000e+01
3.775000000000000000e+01
5.550000000000000000e+01
5.675000000000000000e+01
5.075000000000000000e+01
8.750000000000000000e+01
1.077500000000000000e+02
1.515000000000000000e+02
1.507500000000000000e+02
1.077500000000000000e+02
1.017500000000000000e+02
1.017500000000000000e+02
1.117500000000000000e+02
1.342500000000000000e+02
9.925000000000000000e+01
6.625000000000000000e+01
7.500000000000000000e+01
8.050000000000000000e+01
1.250000000000000000e+02
1.845000000000000000e+02
2.110000000000000000e+02
2.565000000000000000e+02
2.575000000000000000e+02
1.920000000000000000e+02
1.397500000000000000e+02
5.275000000000000000e+01
7.250000000000000000e+00
1.250000000000000000e+00
0.000000000000000000e+00
0.000000000000000000e+00
0.000000000000000000e+00
0.000000000000000000e+00
0.000000000000000000e+00
0.000000000000000000e+00
